0.5600 -0.9200 -0.0960 1.0813
0.5680 -0.8800 -0.1280 1.0552
0.5680 -0.8800 -0.1280 1.0552
0.5680 -0.8800 -0.1040 1.0525
0.5280 -0.8800 -0.1040 1.0315
0.5360 -0.8720 -0.1040 1.0288
0.5360 -0.8720 -0.1120 1.0297
0.5360 -0.8800 -0.1040 1.0356
0.5360 -0.8720 -0.1280 1.0315
0.5680 -0.8720 -0.1040 1.0459
0.5360 -0.8720 -0.1200 1.0306
0.5360 -0.8800 -0.0880 1.0341
0.5360 -0.8800 -0.0960 1.0348
0.5680 -0.8720 -0.1280 1.0485
0.5680 -0.8720 -0.1280 1.0485
0.5680 -0.8720 -0.1280 1.0485
0.5680 -0.8720 -0.1280 1.0485
0.5680 -0.8720 -0.1280 1.0485
0.5680 -0.8720 -0.1280 1.0485
0.5680 -0.8720 -0.1280 1.0485
0.5680 -0.8720 -0.1280 1.0485
0.5680 -0.8720 -0.1280 1.0485
0.5600 -0.8960 -0.0960 1.0610
0.5600 -0.8960 -0.0960 1.0610
0.5600 -0.8960 -0.0960 1.0610
0.5600 -0.8960 -0.0960 1.0610
0.5600 -0.8960 -0.0960 1.0610
0.5600 -0.8960 -0.0960 1.0610
0.5600 -0.8960 -0.0960 1.0610
0.5600 -0.8960 -0.0960 1.0610
0.5600 -0.8960 -0.0960 1.0610
0.5520 -0.8720 -0.1280 1.0399
0.5520 -0.8720 -0.1040 1.0373
0.5280 -0.8960 -0.0720 1.0425
0.5280 -0.8960 -0.0720 1.0425
0.5280 -0.8960 -0.0720 1.0425
0.5280 -0.8960 -0.0720 1.0425
0.5280 -0.8960 -0.0720 1.0425
0.5280 -0.8960 -0.0960 1.0444
0.5440 -0.8960 -0.0960 1.0526
0.5440 -0.8960 -0.0960 1.0526
0.5440 -0.8960 -0.0960 1.0526
0.5440 -0.8960 -0.0960 1.0526
0.5440 -0.8960 -0.0960 1.0526
0.5440 -0.8960 -0.0960 1.0526
0.5440 -0.8960 -0.0960 1.0526
0.5440 -0.8960 -0.0960 1.0526
0.5440 -0.8960 -0.0880 1.0519
0.5280 -0.8720 -0.1200 1.0264
0.5280 -0.8720 -0.1200 1.0264
0.5280 -0.8720 -0.1200 1.0264
0.5280 -0.8720 -0.1200 1.0264
0.5280 -0.8720 -0.1200 1.0264
0.5280 -0.8720 -0.1200 1.0264
0.5280 -0.8720 -0.1200 1.0264
0.5280 -0.8720 -0.1200 1.0264
0.5280 -0.8720 -0.1040 1.0247
0.5280 -0.8960 -0.0720 1.0425
0.5280 -0.8960 -0.0720 1.0425
0.5280 -0.8960 -0.0720 1.0425
0.5280 -0.8960 -0.0720 1.0425
0.5280 -0.8960 -0.0720 1.0425
0.5280 -0.8960 -0.0720 1.0425
0.5280 -0.8960 -0.0720 1.0425
0.5280 -0.8960 -0.0720 1.0425
0.5280 -0.8720 -0.1040 1.0247
0.5280 -0.8720 -0.1040 1.0247
0.5280 -0.8720 -0.1040 1.0247
0.5280 -0.8720 -0.1040 1.0247
0.5280 -0.8720 -0.1040 1.0247
0.5280 -0.8720 -0.1040 1.0247
0.5280 -0.8720 -0.1120 1.0255
0.5600 -0.8720 -0.1120 1.0424
0.5600 -0.8720 -0.1120 1.0424
0.5600 -0.8720 -0.1120 1.0424
0.5600 -0.8720 -0.1120 1.0424
0.5600 -0.8720 -0.1120 1.0424
0.5600 -0.8720 -0.1120 1.0424
0.5600 -0.8720 -0.1120 1.0424
0.5600 -0.8720 -0.1120 1.0424
0.5600 -0.8720 -0.1280 1.0442
0.5680 -0.8720 -0.1280 1.0485
0.5680 -0.8720 -0.1280 1.0485
0.5680 -0.8720 -0.1280 1.0485
0.5680 -0.8720 -0.1280 1.0485
0.5680 -0.8720 -0.1280 1.0485
0.5680 -0.8720 -0.1280 1.0485
0.5680 -0.8720 -0.1280 1.0485
0.5680 -0.8720 -0.1280 1.0485
0.5680 -0.8720 -0.1200 1.0476
0.5680 -0.8720 -0.1200 1.0476
0.5680 -0.8720 -0.1200 1.0476
0.5680 -0.8720 -0.1200 1.0476
0.5680 -0.8720 -0.1200 1.0476
0.5680 -0.8720 -0.1200 1.0476
0.5680 -0.8720 -0.1200 1.0476
0.5680 -0.8720 -0.1280 1.0485
0.5600 -0.8720 -0.1280 1.0442
0.5600 -0.8720 -0.1280 1.0442
0.5600 -0.8720 -0.1280 1.0442
0.5600 -0.8720 -0.1280 1.0442
0.5600 -0.8720 -0.1280 1.0442
0.5600 -0.8720 -0.1120 1.0424
0.5200 -0.8800 -0.1120 1.0283
0.5200 -0.8800 -0.1120 1.0283
0.5200 -0.8800 -0.1120 1.0283
0.5200 -0.8800 -0.1120 1.0283
0.5200 -0.8800 -0.1120 1.0283
0.5200 -0.8800 -0.1120 1.0283
0.5200 -0.8800 -0.1120 1.0283
0.5200 -0.8800 -0.1120 1.0283
0.5200 -0.8800 -0.1120 1.0283
0.5200 -0.8800 -0.1040 1.0274
0.5360 -0.8960 -0.1040 1.0493
0.5360 -0.8960 -0.1040 1.0493
0.5360 -0.8960 -0.1040 1.0493
0.5360 -0.8960 -0.1040 1.0493
0.5360 -0.8960 -0.1040 1.0493
0.5360 -0.8960 -0.1040 1.0493
0.5360 -0.8960 -0.1040 1.0493
0.5360 -0.8960 -0.1040 1.0493
0.5360 -0.8960 -0.1280 1.0519
0.5600 -0.8960 -0.1280 1.0643
0.5600 -0.8960 -0.1280 1.0643
0.5600 -0.8960 -0.1280 1.0643
0.5600 -0.8960 -0.1280 1.0643
0.5600 -0.8960 -0.1280 1.0643
0.5600 -0.8960 -0.1280 1.0643
0.5600 -0.8960 -0.1280 1.0643
0.5600 -0.8720 -0.1280 1.0442
0.5600 -0.8720 -0.1280 1.0442
0.5600 -0.8720 -0.1280 1.0442
0.5600 -0.8720 -0.1280 1.0442
0.5600 -0.8720 -0.1280 1.0442
0.5600 -0.8720 -0.1280 1.0442
0.5600 -0.8720 -0.1120 1.0424
0.5360 -0.8880 -0.1120 1.0433
0.5360 -0.8880 -0.1120 1.0433
0.5360 -0.8880 -0.1120 1.0433
0.5360 -0.8880 -0.1120 1.0433
0.5360 -0.8880 -0.1120 1.0433
0.5360 -0.8880 -0.1120 1.0433
0.5360 -0.8880 -0.1120 1.0433
0.5360 -0.8880 -0.1120 1.0433
0.5360 -0.8880 -0.1280 1.0451
0.5680 -0.8800 -0.1280 1.0552
0.5680 -0.8800 -0.1280 1.0552
0.5680 -0.8800 -0.1280 1.0552
0.5680 -0.8800 -0.1280 1.0552
0.5680 -0.8800 -0.1280 1.0552
0.5680 -0.8800 -0.1280 1.0552
0.5680 -0.8800 -0.1280 1.0552
0.5680 -0.8800 -0.1280 1.0552
0.5680 -0.8800 -0.1200 1.0542
0.5360 -0.8880 -0.0880 1.0410
0.5360 -0.8880 -0.0880 1.0410
0.5360 -0.8880 -0.0880 1.0410
0.5360 -0.8880 -0.0880 1.0410
0.5360 -0.8880 -0.0880 1.0410
0.5360 -0.8880 -0.0880 1.0410
0.5360 -0.8880 -0.0800 1.0403
0.5360 -0.8960 -0.0800 1.0471
0.5360 -0.8960 -0.0800 1.0471
0.5360 -0.8960 -0.0800 1.0471
0.5360 -0.8960 -0.0800 1.0471
0.5360 -0.8960 -0.0800 1.0471
0.5360 -0.8960 -0.0800 1.0471
0.5360 -0.8960 -0.0720 1.0466
0.5360 -0.8960 -0.1040 1.0493
0.5360 -0.8960 -0.1040 1.0493
0.5360 -0.8960 -0.1040 1.0493
0.5360 -0.8960 -0.1040 1.0493
0.5360 -0.8960 -0.1040 1.0493
0.5360 -0.8960 -0.1040 1.0493
0.5360 -0.8960 -0.1040 1.0493
0.5360 -0.8960 -0.1040 1.0493
0.5360 -0.8960 -0.1120 1.0501
0.5280 -0.8800 -0.1120 1.0323
0.5280 -0.8800 -0.1120 1.0323
0.5280 -0.8800 -0.1120 1.0323
0.5280 -0.8800 -0.1120 1.0323
0.5280 -0.8800 -0.1120 1.0323
0.5280 -0.8800 -0.1120 1.0323
0.5280 -0.8800 -0.1120 1.0323
0.5280 -0.8800 -0.1120 1.0323
0.5280 -0.8800 -0.1040 1.0315
0.5360 -0.8960 -0.0720 1.0466
0.5360 -0.8960 -0.0720 1.0466
0.5360 -0.8960 -0.0720 1.0466
0.5360 -0.8960 -0.0720 1.0466
0.5360 -0.8960 -0.0720 1.0466
0.5360 -0.8960 -0.0720 1.0466
0.5360 -0.8960 -0.0720 1.0466
0.5360 -0.8880 -0.0720 1.0397
0.5360 -0.8880 -0.0720 1.0397
0.5360 -0.8880 -0.0720 1.0397
0.5360 -0.8880 -0.0720 1.0397
0.5360 -0.8880 -0.0720 1.0397
0.5360 -0.8880 -0.0720 1.0397
0.5360 -0.8880 -0.0880 1.0410
0.5680 -0.8720 -0.1200 1.0476
0.5680 -0.8720 -0.1200 1.0476
0.5680 -0.8720 -0.1200 1.0476
0.5680 -0.8720 -0.1200 1.0476
0.5680 -0.8720 -0.1200 1.0476
0.5680 -0.8720 -0.1200 1.0476
0.5680 -0.8720 -0.1200 1.0476
0.5680 -0.8720 -0.1200 1.0476
0.5680 -0.8720 -0.1200 1.0476
0.5680 -0.8720 -0.1120 1.0467
0.5360 -0.8880 -0.0800 1.0403
0.5360 -0.8880 -0.0800 1.0403
0.5360 -0.8880 -0.0800 1.0403
0.5360 -0.8880 -0.0800 1.0403
0.5360 -0.8880 -0.0800 1.0403
0.5360 -0.8880 -0.0800 1.0403
0.5360 -0.8880 -0.0800 1.0403
0.5360 -0.8880 -0.0800 1.0403
0.5360 -0.8880 -0.0960 1.0417
0.5440 -0.8560 -0.0960 1.0188
0.5440 -0.8560 -0.0960 1.0188
0.5440 -0.8560 -0.0960 1.0188
0.5440 -0.8560 -0.0960 1.0188
0.5440 -0.8560 -0.0960 1.0188
0.5440 -0.8560 -0.0720 1.0168
0.5360 -0.8960 -0.0720 1.0466
0.5360 -0.8960 -0.0720 1.0466
0.5360 -0.8960 -0.0720 1.0466
0.5360 -0.8960 -0.0720 1.0466
0.5360 -0.8960 -0.0960 1.0485
0.5440 -0.8480 -0.0960 1.0121
0.5440 -0.8480 -0.0960 1.0121
0.5440 -0.8480 -0.0960 1.0121
0.5440 -0.8480 -0.0960 1.0121
0.5440 -0.8480 -0.0960 1.0121
0.5440 -0.8480 -0.0960 1.0121
0.5440 -0.8480 -0.0960 1.0121
0.5440 -0.8480 -0.0960 1.0121
0.5440 -0.8480 -0.0960 1.0121
0.5680 -0.8720 -0.0960 1.0451
0.5680 -0.8720 -0.0960 1.0451
0.5680 -0.8720 -0.0960 1.0451
0.5680 -0.8720 -0.0960 1.0451
0.5680 -0.8720 -0.0960 1.0451
0.5680 -0.8720 -0.0960 1.0451
0.5680 -0.8720 -0.0960 1.0451
0.5680 -0.8720 -0.0960 1.0451
0.5680 -0.8720 -0.0960 1.0451
0.5680 -0.8720 -0.0720 1.0432
0.5120 -0.8400 -0.1040 0.9892
0.5120 -0.8400 -0.1040 0.9892
0.5120 -0.8400 -0.1040 0.9892
0.5120 -0.8400 -0.1040 0.9892
0.5120 -0.8400 -0.1040 0.9892
0.5120 -0.8400 -0.1040 0.9892
0.5120 -0.8400 -0.1040 0.9892
0.5120 -0.8400 -0.1280 0.9920
0.5520 -0.8720 -0.1280 1.0399
0.5520 -0.8720 -0.1280 1.0399
0.5520 -0.8720 -0.1280 1.0399
0.5520 -0.8720 -0.1280 1.0399
0.5520 -0.8720 -0.1280 1.0399
0.5520 -0.8720 -0.1120 1.0381
0.5360 -0.8720 -0.1120 1.0297
0.5360 -0.8720 -0.1120 1.0297
0.5360 -0.8720 -0.1120 1.0297
0.5360 -0.8720 -0.1120 1.0297
0.5360 -0.8720 -0.1120 1.0297
0.5360 -0.8720 -0.1120 1.0297
0.5360 -0.8720 -0.1120 1.0297
0.5360 -0.8720 -0.1120 1.0297
0.5360 -0.8720 -0.1200 1.0306
0.5440 -0.8640 -0.1200 1.0280
0.5440 -0.8640 -0.1200 1.0280
0.5440 -0.8640 -0.1200 1.0280
0.5440 -0.8640 -0.1200 1.0280
0.5440 -0.8640 -0.1200 1.0280
0.5440 -0.8640 -0.1200 1.0280
0.5440 -0.8640 -0.1200 1.0280
0.5440 -0.8640 -0.1200 1.0280
0.5440 -0.8640 -0.1120 1.0271
0.5680 -0.8800 -0.0800 1.0504
0.5680 -0.8800 -0.0800 1.0504
0.5680 -0.8800 -0.0800 1.0504
0.5680 -0.8800 -0.0800 1.0504
0.5680 -0.8800 -0.0800 1.0504
0.5680 -0.8800 -0.0800 1.0504
0.5680 -0.8800 -0.0800 1.0504
0.5680 -0.8800 -0.0880 1.0511
0.5680 -0.8880 -0.0880 1.0578
0.5680 -0.8880 -0.0880 1.0578
0.5680 -0.8880 -0.0880 1.0578
0.5680 -0.8880 -0.0880 1.0578
0.5680 -0.8880 -0.0880 1.0578
0.5680 -0.8880 -0.0720 1.0566
0.5280 -0.8800 -0.1040 1.0315
0.5280 -0.8800 -0.1040 1.0315
0.5280 -0.8800 -0.1040 1.0315
0.5280 -0.8800 -0.1040 1.0315
0.5280 -0.8800 -0.1040 1.0315
0.5280 -0.8800 -0.1040 1.0315
0.5280 -0.8800 -0.1040 1.0315
0.5280 -0.8800 -0.1040 1.0315
0.5280 -0.8800 -0.1040 1.0315
0.5280 -0.8800 -0.1040 1.0315
0.5360 -0.8800 -0.0720 1.0329
0.5360 -0.8800 -0.0720 1.0329
0.5360 -0.8800 -0.0720 1.0329
0.5360 -0.8800 -0.0720 1.0329
0.5360 -0.8800 -0.0720 1.0329
0.5360 -0.8800 -0.0720 1.0329
0.5360 -0.8800 -0.0720 1.0329
0.5360 -0.8800 -0.0720 1.0329
0.5360 -0.8800 -0.0960 1.0348
0.5600 -0.8720 -0.1280 1.0442
0.5600 -0.8720 -0.1280 1.0442
0.5600 -0.8720 -0.1280 1.0442
0.5600 -0.8720 -0.1280 1.0442
0.5600 -0.8720 -0.1280 1.0442
0.5600 -0.8720 -0.1280 1.0442
0.5600 -0.8720 -0.1040 1.0415
0.5280 -0.8960 -0.0720 1.0425
0.5280 -0.8960 -0.0720 1.0425
0.5280 -0.8960 -0.0720 1.0425
0.5280 -0.8960 -0.0720 1.0425
0.5280 -0.8960 -0.0720 1.0425
0.5280 -0.8960 -0.0720 1.0425
0.5280 -0.8960 -0.0880 1.0437
0.5680 -0.8880 -0.1200 1.0609
0.5680 -0.8880 -0.1200 1.0609
0.5680 -0.8880 -0.1200 1.0609
0.5680 -0.8880 -0.1200 1.0609
0.5680 -0.8880 -0.1200 1.0609
0.5680 -0.8880 -0.1200 1.0609
0.5680 -0.8880 -0.1200 1.0609
0.5680 -0.8880 -0.1200 1.0609
0.5680 -0.8880 -0.1120 1.0601
0.5520 -0.8960 -0.0800 1.0554
0.5520 -0.8960 -0.0800 1.0554
0.5520 -0.8960 -0.0800 1.0554
0.5520 -0.8960 -0.0800 1.0554
0.5520 -0.8960 -0.0800 1.0554
0.5520 -0.8960 -0.0800 1.0554
0.5520 -0.8960 -0.0800 1.0554
0.5520 -0.8960 -0.0800 1.0554
0.5520 -0.8960 -0.0800 1.0554
0.5280 -0.8720 -0.1120 1.0255
0.5280 -0.8720 -0.1120 1.0255
0.5280 -0.8720 -0.1120 1.0255
0.5280 -0.8720 -0.1120 1.0255
0.5280 -0.8720 -0.1120 1.0255
0.5280 -0.8720 -0.1120 1.0255
0.5280 -0.8720 -0.1120 1.0255
0.5360 -0.8960 -0.0800 1.0471
0.5360 -0.8960 -0.0800 1.0471
0.5360 -0.8960 -0.0800 1.0471
0.5360 -0.8960 -0.0800 1.0471
0.5360 -0.8960 -0.0800 1.0471
0.5360 -0.8960 -0.0800 1.0471
0.5360 -0.8960 -0.0800 1.0471
0.5360 -0.8960 -0.0960 1.0485
0.5680 -0.8960 -0.0960 1.0652
0.5680 -0.8960 -0.0960 1.0652
0.5680 -0.8960 -0.0960 1.0652
0.5680 -0.8960 -0.0960 1.0652
0.5680 -0.8960 -0.0960 1.0652
0.5680 -0.8960 -0.0960 1.0652
0.5680 -0.8960 -0.0960 1.0652
0.5680 -0.8960 -0.0960 1.0652
0.5680 -0.8960 -0.0720 1.0633
0.5360 -0.8960 -0.0720 1.0466
0.5360 -0.8960 -0.0720 1.0466
0.5360 -0.8960 -0.0720 1.0466
0.5360 -0.8960 -0.0720 1.0466
0.5360 -0.8960 -0.0720 1.0466
0.5360 -0.8960 -0.0720 1.0466
0.5360 -0.8960 -0.0720 1.0466
0.5360 -0.8960 -0.0720 1.0466
0.5360 -0.8960 -0.0800 1.0471
0.5440 -0.8480 -0.1120 1.0137
0.5440 -0.8480 -0.1120 1.0137
0.5440 -0.8480 -0.1120 1.0137
0.5440 -0.8480 -0.1120 1.0137
0.5440 -0.8480 -0.1120 1.0137
0.5440 -0.8480 -0.1120 1.0137
0.5680 -0.8880 -0.1120 1.0601
0.5680 -0.8880 -0.1120 1.0601
0.5680 -0.8880 -0.1120 1.0601
0.5680 -0.8880 -0.1120 1.0601
0.5680 -0.8880 -0.1280 1.0619
0.5680 -0.8960 -0.1280 1.0686
0.5680 -0.8960 -0.1280 1.0686
0.5680 -0.8960 -0.1280 1.0686
0.5680 -0.8960 -0.1280 1.0686
0.5680 -0.8960 -0.1280 1.0686
0.5680 -0.8960 -0.1280 1.0686
0.5680 -0.8960 -0.1280 1.0686
0.5680 -0.8960 -0.1280 1.0686
0.5680 -0.8960 -0.1280 1.0686
0.5680 -0.8800 -0.1280 1.0552
0.5680 -0.8800 -0.1280 1.0552
0.5680 -0.8800 -0.1280 1.0552
0.5680 -0.8800 -0.1280 1.0552
0.5680 -0.8800 -0.1280 1.0552
0.5680 -0.8800 -0.1280 1.0552
0.5680 -0.8800 -0.1280 1.0552
0.5680 -0.8800 -0.1280 1.0552
0.5680 -0.8800 -0.1280 1.0552
0.5680 -0.8800 -0.1040 1.0525
0.5360 -0.8720 -0.1040 1.0288
0.5360 -0.8720 -0.1040 1.0288
0.5360 -0.8720 -0.1040 1.0288
0.5360 -0.8720 -0.1040 1.0288
0.5360 -0.8720 -0.1040 1.0288
0.5360 -0.8720 -0.1040 1.0288
0.5360 -0.8720 -0.1040 1.0288
0.5360 -0.8720 -0.1200 1.0306
0.5600 -0.8880 -0.1200 1.0567
0.5600 -0.8880 -0.1200 1.0567
0.5600 -0.8880 -0.1200 1.0567
0.5600 -0.8880 -0.1200 1.0567
0.5600 -0.8880 -0.1200 1.0567
0.5600 -0.8880 -0.1040 1.0550
0.5680 -0.8720 -0.1360 1.0495
0.5680 -0.8720 -0.1360 1.0495
0.5680 -0.8720 -0.1360 1.0495
0.5680 -0.8720 -0.1360 1.0495
0.5680 -0.8720 -0.1360 1.0495
0.5680 -0.8720 -0.1360 1.0495
0.5680 -0.8720 -0.1360 1.0495
0.5680 -0.8720 -0.1360 1.0495
0.5680 -0.8720 -0.1440 1.0506
0.5280 -0.8800 -0.0800 1.0294
0.5280 -0.8800 -0.0800 1.0294
0.5280 -0.8800 -0.0800 1.0294
0.5280 -0.8800 -0.0800 1.0294
0.5280 -0.8800 -0.0800 1.0294
0.5280 -0.8800 -0.0800 1.0294
0.5280 -0.8800 -0.0800 1.0294
0.5280 -0.8800 -0.0800 1.0294
0.5280 -0.8800 -0.0960 1.0307
0.5600 -0.8880 -0.0960 1.0542
0.5600 -0.8880 -0.0960 1.0542
0.5600 -0.8880 -0.0960 1.0542
0.5600 -0.8880 -0.0960 1.0542
0.5600 -0.8880 -0.0960 1.0542
0.5600 -0.8880 -0.0960 1.0542
0.5600 -0.8880 -0.0960 1.0542
0.5600 -0.8880 -0.0720 1.0523
0.5280 -0.8960 -0.0720 1.0425
0.5280 -0.8960 -0.0720 1.0425
0.5280 -0.8960 -0.0720 1.0425
0.5280 -0.8960 -0.0720 1.0425
0.5280 -0.8960 -0.0720 1.0425
0.5280 -0.8960 -0.0960 1.0444
0.5680 -0.8720 -0.1280 1.0485
0.5680 -0.8720 -0.1280 1.0485
0.5680 -0.8720 -0.1280 1.0485
0.5680 -0.8720 -0.1280 1.0485
0.5680 -0.8720 -0.1280 1.0485
0.5680 -0.8720 -0.1280 1.0485
0.5680 -0.8720 -0.1280 1.0485
0.5680 -0.8720 -0.1280 1.0485
0.5680 -0.8720 -0.1280 1.0485
0.5680 -0.8720 -0.1040 1.0459
0.5280 -0.8960 -0.0720 1.0425
0.5280 -0.8960 -0.0720 1.0425
0.5280 -0.8960 -0.0720 1.0425
0.5280 -0.8960 -0.0720 1.0425
0.5280 -0.8960 -0.0720 1.0425
0.5280 -0.8960 -0.0720 1.0425
0.5280 -0.8960 -0.0720 1.0425
0.5280 -0.8960 -0.0720 1.0425
0.5280 -0.8960 -0.0960 1.0444
0.5600 -0.8960 -0.0960 1.0610
0.5600 -0.8960 -0.0960 1.0610
0.5600 -0.8960 -0.0960 1.0610
0.5600 -0.8960 -0.0960 1.0610
0.5600 -0.8960 -0.0960 1.0610
0.5600 -0.8960 -0.0960 1.0610
0.5600 -0.8960 -0.0720 1.0591
0.5280 -0.8960 -0.0720 1.0425
0.5280 -0.8960 -0.0720 1.0425
0.5280 -0.8960 -0.0720 1.0425
0.5280 -0.8960 -0.0720 1.0425
0.5280 -0.8960 -0.0720 1.0425
0.5280 -0.8960 -0.0720 1.0425
0.5280 -0.8960 -0.0720 1.0425
0.5360 -0.8880 -0.0720 1.0397
0.5360 -0.8880 -0.0720 1.0397
0.5360 -0.8880 -0.0720 1.0397
0.5360 -0.8880 -0.0720 1.0397
0.5360 -0.8880 -0.0720 1.0397
0.5360 -0.8880 -0.0720 1.0397
0.5360 -0.8880 -0.0720 1.0397
0.5360 -0.8880 -0.0720 1.0397
0.5360 -0.8880 -0.0960 1.0417
0.5680 -0.8720 -0.1280 1.0485
0.5680 -0.8720 -0.1280 1.0485
0.5680 -0.8720 -0.1280 1.0485
0.5680 -0.8720 -0.1280 1.0485
0.5680 -0.8720 -0.1280 1.0485
0.5680 -0.8720 -0.1280 1.0485
0.5680 -0.8720 -0.1280 1.0485
0.5680 -0.8720 -0.1280 1.0485
0.5680 -0.8720 -0.1040 1.0459
0.5360 -0.8960 -0.0720 1.0466
0.5360 -0.8960 -0.0720 1.0466
0.5360 -0.8960 -0.0720 1.0466
0.5360 -0.8960 -0.0720 1.0466
0.5360 -0.8960 -0.0720 1.0466
0.5360 -0.8960 -0.0720 1.0466
0.5360 -0.8960 -0.0720 1.0466
0.5280 -0.8720 -0.1040 1.0247
0.5280 -0.8720 -0.1040 1.0247
0.5280 -0.8720 -0.1040 1.0247
0.5280 -0.8720 -0.1040 1.0247
0.5280 -0.8720 -0.1040 1.0247
0.5280 -0.8720 -0.1040 1.0247
0.5280 -0.8720 -0.1040 1.0247
0.5280 -0.8720 -0.1040 1.0247
0.5360 -0.8800 -0.0720 1.0329
0.5360 -0.8800 -0.0720 1.0329
0.5360 -0.8800 -0.0720 1.0329
0.5360 -0.8800 -0.0720 1.0329
0.5360 -0.8800 -0.0720 1.0329
0.5360 -0.8800 -0.0720 1.0329
0.5360 -0.8800 -0.0720 1.0329
0.5360 -0.8800 -0.0720 1.0329
0.5360 -0.8800 -0.0960 1.0348
0.5680 -0.8880 -0.1280 1.0619
0.5680 -0.8880 -0.1280 1.0619
0.5680 -0.8880 -0.1280 1.0619
0.5680 -0.8880 -0.1280 1.0619
0.5680 -0.8880 -0.1280 1.0619
0.5680 -0.8880 -0.1280 1.0619
0.5680 -0.8880 -0.1280 1.0619
0.5680 -0.8880 -0.1280 1.0619
0.5680 -0.8880 -0.1040 1.0592
0.5360 -0.8800 -0.0720 1.0329
0.5360 -0.8800 -0.0720 1.0329
0.5360 -0.8800 -0.0720 1.0329
0.5360 -0.8800 -0.0720 1.0329
0.5360 -0.8800 -0.0720 1.0329
0.5360 -0.8800 -0.0720 1.0329
0.5280 -0.8720 -0.1040 1.0247
0.5280 -0.8720 -0.1040 1.0247
0.5280 -0.8720 -0.1040 1.0247
0.5280 -0.8720 -0.1040 1.0247
0.5280 -0.8720 -0.1280 1.0274
0.5440 -0.8400 -0.1280 1.0089
0.5440 -0.8400 -0.1280 1.0089
0.5440 -0.8400 -0.1280 1.0089
0.5440 -0.8400 -0.1280 1.0089
0.5440 -0.8400 -0.1280 1.0089
0.5440 -0.8400 -0.1280 1.0089
0.5440 -0.8400 -0.1280 1.0089
0.5440 -0.8400 -0.1280 1.0089
0.5440 -0.8400 -0.1120 1.0070
0.5120 -0.8400 -0.1440 0.9942
0.5120 -0.8400 -0.1440 0.9942
0.5120 -0.8400 -0.1440 0.9942
0.5120 -0.8400 -0.1440 0.9942
0.5120 -0.8400 -0.1440 0.9942
0.5120 -0.8400 -0.1440 0.9942
0.5120 -0.8400 -0.1440 0.9942
0.5120 -0.8400 -0.1440 0.9942
0.5120 -0.8400 -0.1360 0.9931
0.5120 -0.8400 -0.1040 0.9892
0.5120 -0.8400 -0.1040 0.9892
0.5120 -0.8400 -0.1040 0.9892
0.5120 -0.8400 -0.1040 0.9892
0.5120 -0.8400 -0.1040 0.9892
0.5120 -0.8400 -0.1040 0.9892
0.5120 -0.8400 -0.1040 0.9892
0.5120 -0.8400 -0.1040 0.9892
0.5120 -0.8400 -0.1040 0.9892
0.5280 -0.8720 -0.1040 1.0247
0.5280 -0.8720 -0.1040 1.0247
0.5280 -0.8720 -0.1040 1.0247
0.5280 -0.8720 -0.1040 1.0247
0.5280 -0.8720 -0.1280 1.0274
0.5520 -0.8960 -0.1280 1.0601
0.5520 -0.8960 -0.1280 1.0601
0.5520 -0.8960 -0.1280 1.0601
0.5520 -0.8960 -0.1280 1.0601
0.5520 -0.8960 -0.1280 1.0601
0.5520 -0.8960 -0.1280 1.0601
0.5520 -0.8960 -0.1280 1.0601
0.5520 -0.8960 -0.1280 1.0601
0.5520 -0.8960 -0.1040 1.0575
0.5280 -0.8960 -0.1040 1.0452
0.5280 -0.8960 -0.1040 1.0452
0.5280 -0.8960 -0.1040 1.0452
0.5280 -0.8960 -0.1040 1.0452
0.5280 -0.8960 -0.1040 1.0452
0.5280 -0.8960 -0.1040 1.0452
0.5280 -0.8960 -0.1040 1.0452
0.5280 -0.8960 -0.1040 1.0452
0.5280 -0.8960 -0.1040 1.0452
0.5280 -0.8800 -0.1040 1.0315
0.5280 -0.8800 -0.1040 1.0315
0.5280 -0.8800 -0.1040 1.0315
0.5280 -0.8800 -0.1040 1.0315
0.5280 -0.8800 -0.1040 1.0315
0.5280 -0.8800 -0.1040 1.0315
0.5280 -0.8800 -0.1040 1.0315
0.5280 -0.8800 -0.1040 1.0315
0.5280 -0.8800 -0.1040 1.0315
0.5360 -0.8800 -0.1040 1.0356
0.5360 -0.8800 -0.1040 1.0356
0.5360 -0.8800 -0.1040 1.0356
0.5360 -0.8800 -0.1040 1.0356
0.5360 -0.8800 -0.1040 1.0356
0.5360 -0.8800 -0.1040 1.0356
0.5360 -0.8880 -0.0720 1.0397
0.5360 -0.8880 -0.0720 1.0397
0.5360 -0.8880 -0.0720 1.0397
0.5360 -0.8880 -0.0720 1.0397
0.5360 -0.8880 -0.0720 1.0397
0.5360 -0.8880 -0.0720 1.0397
0.5360 -0.8880 -0.0720 1.0397
0.5360 -0.8880 -0.0720 1.0397
0.5360 -0.8880 -0.0800 1.0403
0.5360 -0.8880 -0.0800 1.0403
0.5360 -0.8880 -0.0800 1.0403
0.5360 -0.8880 -0.0800 1.0403
0.5360 -0.8880 -0.0800 1.0403
0.5360 -0.8880 -0.0800 1.0403
0.5360 -0.8880 -0.0800 1.0403
0.5360 -0.8880 -0.0800 1.0403
0.5360 -0.8880 -0.0800 1.0403
0.5360 -0.8880 -0.0720 1.0397
0.5280 -0.8720 -0.1040 1.0247
0.5280 -0.8720 -0.1040 1.0247
0.5280 -0.8720 -0.1040 1.0247
0.5280 -0.8720 -0.1040 1.0247
0.5280 -0.8720 -0.1040 1.0247
0.5280 -0.8720 -0.1040 1.0247
0.5280 -0.8720 -0.1040 1.0247
0.5280 -0.8720 -0.1040 1.0247
0.5280 -0.8720 -0.1040 1.0247
0.5280 -0.8720 -0.1040 1.0247
0.5280 -0.8720 -0.1040 1.0247
0.5280 -0.8720 -0.1040 1.0247
0.5280 -0.8720 -0.1040 1.0247
0.5280 -0.8720 -0.1040 1.0247
0.5200 -0.8720 -0.1040 1.0206
0.5200 -0.8720 -0.1040 1.0206
0.5200 -0.8720 -0.1040 1.0206
0.5200 -0.8720 -0.1040 1.0206
0.5200 -0.8720 -0.1040 1.0206
0.5200 -0.8720 -0.1040 1.0206
0.5200 -0.8720 -0.1040 1.0206
0.5200 -0.8720 -0.1040 1.0206
0.5200 -0.8720 -0.1040 1.0206
0.5120 -0.8480 -0.1040 0.9960
0.5120 -0.8480 -0.1040 0.9960
0.5120 -0.8480 -0.1040 0.9960
0.5120 -0.8480 -0.1040 0.9960
0.5120 -0.8480 -0.1040 0.9960
0.5120 -0.8480 -0.1040 0.9960
0.5120 -0.8480 -0.1040 0.9960
0.5120 -0.8480 -0.1040 0.9960
0.5120 -0.8480 -0.1280 0.9988
0.5680 -0.8960 -0.1280 1.0686
0.5680 -0.8960 -0.1280 1.0686
0.5680 -0.8960 -0.1280 1.0686
0.5680 -0.8960 -0.1280 1.0686
0.5680 -0.8960 -0.1280 1.0686
0.5680 -0.8960 -0.1280 1.0686
0.5680 -0.8960 -0.1280 1.0686
0.5680 -0.8960 -0.1280 1.0686
0.5440 -0.8640 -0.1280 1.0290
0.5440 -0.8640 -0.1280 1.0290
0.5440 -0.8640 -0.1280 1.0290
0.5440 -0.8640 -0.1280 1.0290
0.5440 -0.8640 -0.1280 1.0290
0.5440 -0.8640 -0.1280 1.0290
0.5440 -0.8640 -0.1120 1.0271
0.5360 -0.8720 -0.1440 1.0336
0.5360 -0.8720 -0.1440 1.0336
0.5360 -0.8720 -0.1440 1.0336
0.5360 -0.8720 -0.1440 1.0336
0.5360 -0.8720 -0.1440 1.0336
0.5360 -0.8720 -0.1440 1.0336
0.5360 -0.8720 -0.1440 1.0336
0.5360 -0.8720 -0.1440 1.0336
0.5360 -0.8720 -0.1600 1.0360
0.5600 -0.8960 -0.1280 1.0643
0.5600 -0.8960 -0.1280 1.0643
0.5600 -0.8960 -0.1280 1.0643
0.5600 -0.8960 -0.1280 1.0643
0.5600 -0.8960 -0.1280 1.0643
0.5600 -0.8960 -0.1280 1.0643
0.5600 -0.8960 -0.1280 1.0643
0.5600 -0.8960 -0.1280 1.0643
0.5600 -0.8960 -0.1200 1.0634
0.5360 -0.8880 -0.1200 1.0441
0.5360 -0.8880 -0.1200 1.0441
0.5360 -0.8880 -0.1200 1.0441
0.5360 -0.8880 -0.1200 1.0441
0.5360 -0.8880 -0.1200 1.0441
0.5360 -0.8880 -0.1200 1.0441
0.5360 -0.8880 -0.1040 1.0424
0.5360 -0.8800 -0.1040 1.0356
0.5360 -0.8800 -0.1040 1.0356
0.5360 -0.8800 -0.1040 1.0356
0.5360 -0.8800 -0.1040 1.0356
0.5360 -0.8800 -0.1040 1.0356
0.5360 -0.8800 -0.1040 1.0356
0.5360 -0.8800 -0.1040 1.0356
0.5360 -0.8880 -0.1360 1.0461
0.5360 -0.8880 -0.1360 1.0461
0.5360 -0.8880 -0.1360 1.0461
0.5360 -0.8880 -0.1360 1.0461
0.5360 -0.8880 -0.1360 1.0461
0.5360 -0.8880 -0.1360 1.0461
0.5360 -0.8880 -0.1360 1.0461
0.5360 -0.8880 -0.1360 1.0461
0.5360 -0.8880 -0.1360 1.0461
0.5280 -0.8800 -0.0720 1.0288
0.5280 -0.8800 -0.0720 1.0288
0.5280 -0.8800 -0.0720 1.0288
0.5280 -0.8800 -0.0720 1.0288
0.5280 -0.8800 -0.0720 1.0288
0.5280 -0.8800 -0.0720 1.0288
0.5280 -0.8800 -0.0720 1.0288
0.5280 -0.8800 -0.0720 1.0288
0.5280 -0.8800 -0.0720 1.0288
0.5200 -0.8880 -0.0720 1.0316
0.5200 -0.8880 -0.0720 1.0316
0.5200 -0.8880 -0.0720 1.0316
0.5200 -0.8880 -0.0720 1.0316
0.5200 -0.8880 -0.0720 1.0316
0.5200 -0.8880 -0.0720 1.0316
0.5200 -0.8880 -0.0720 1.0316
0.5360 -0.8880 -0.0720 1.0397
0.5360 -0.8880 -0.0720 1.0397
0.5360 -0.8880 -0.0720 1.0397
0.5360 -0.8880 -0.0720 1.0397
0.5360 -0.8880 -0.0720 1.0397
0.5360 -0.8880 -0.0720 1.0397
0.5360 -0.8880 -0.0960 1.0417
0.5680 -0.8960 -0.1280 1.0686
0.5680 -0.8960 -0.1280 1.0686
0.5680 -0.8960 -0.1280 1.0686
0.5680 -0.8960 -0.1280 1.0686
0.5680 -0.8960 -0.1280 1.0686
0.5680 -0.8960 -0.1280 1.0686
0.5680 -0.8960 -0.1280 1.0686
0.5680 -0.8960 -0.1280 1.0686
0.5680 -0.8960 -0.1280 1.0686
0.5680 -0.8960 -0.1040 1.0660
0.5360 -0.8960 -0.0720 1.0466
0.5360 -0.8960 -0.0720 1.0466
0.5360 -0.8960 -0.0720 1.0466
0.5360 -0.8960 -0.0720 1.0466
0.5360 -0.8960 -0.0720 1.0466
0.5360 -0.8960 -0.0720 1.0466
0.5360 -0.8960 -0.0720 1.0466
0.5360 -0.8960 -0.0720 1.0466
0.5360 -0.8960 -0.0880 1.0478
0.5680 -0.8720 -0.1200 1.0476
0.5680 -0.8720 -0.1200 1.0476
0.5680 -0.8720 -0.1200 1.0476
0.5680 -0.8720 -0.1200 1.0476
0.5680 -0.8720 -0.1200 1.0476
0.5680 -0.8720 -0.1200 1.0476
0.5680 -0.8960 -0.0880 1.0645
0.5680 -0.8960 -0.0880 1.0645
0.5680 -0.8960 -0.0880 1.0645
0.5680 -0.8960 -0.0880 1.0645
0.5680 -0.8960 -0.0880 1.0645
0.5680 -0.8960 -0.0880 1.0645
0.5680 -0.8960 -0.0880 1.0645
0.5680 -0.8960 -0.0720 1.0633
0.5360 -0.8960 -0.0720 1.0466
0.5360 -0.8960 -0.0720 1.0466
0.5360 -0.8960 -0.0720 1.0466
0.5360 -0.8960 -0.0720 1.0466
0.5360 -0.8960 -0.0720 1.0466
0.5360 -0.8960 -0.0720 1.0466
0.5360 -0.8960 -0.0720 1.0466
0.5360 -0.8960 -0.0720 1.0466
0.5360 -0.8960 -0.0720 1.0466
0.5360 -0.8880 -0.1040 1.0424
0.5360 -0.8880 -0.1040 1.0424
0.5360 -0.8880 -0.1040 1.0424
0.5360 -0.8880 -0.1040 1.0424
0.5360 -0.8880 -0.1040 1.0424
0.5360 -0.8880 -0.1040 1.0424
0.5360 -0.8880 -0.1040 1.0424
0.5360 -0.8880 -0.1040 1.0424
0.5360 -0.8880 -0.1040 1.0424
0.5280 -0.8960 -0.0720 1.0425
0.5280 -0.8960 -0.0720 1.0425
0.5280 -0.8960 -0.0720 1.0425
0.5280 -0.8960 -0.0720 1.0425
0.5280 -0.8960 -0.0720 1.0425
0.5280 -0.8960 -0.0800 1.0431
0.5280 -0.8880 -0.0800 1.0362
0.5280 -0.8880 -0.0800 1.0362
0.5280 -0.8880 -0.0800 1.0362
0.5280 -0.8880 -0.0800 1.0362
0.5280 -0.8880 -0.0960 1.0376
0.5600 -0.8800 -0.0960 1.0475
0.5600 -0.8800 -0.0960 1.0475
0.5600 -0.8800 -0.0960 1.0475
0.5600 -0.8800 -0.0960 1.0475
0.5600 -0.8800 -0.0960 1.0475
0.5600 -0.8800 -0.0960 1.0475
0.5600 -0.8800 -0.0960 1.0475
0.5600 -0.8800 -0.0960 1.0475
0.5600 -0.8800 -0.0800 1.0461
0.5280 -0.8960 -0.1120 1.0460
0.5280 -0.8960 -0.1120 1.0460
0.5280 -0.8960 -0.1120 1.0460
0.5280 -0.8960 -0.1120 1.0460
0.5280 -0.8960 -0.1120 1.0460
0.5280 -0.8960 -0.1120 1.0460
0.5280 -0.8960 -0.1120 1.0460
0.5280 -0.8960 -0.1120 1.0460
0.5280 -0.8960 -0.1120 1.0460
0.5280 -0.8960 -0.1280 1.0478
0.5520 -0.8800 -0.0960 1.0432
0.5520 -0.8800 -0.0960 1.0432
0.5520 -0.8800 -0.0960 1.0432
0.5520 -0.8800 -0.0960 1.0432
0.5520 -0.8800 -0.0960 1.0432
0.5520 -0.8800 -0.0960 1.0432
0.5520 -0.8800 -0.0960 1.0432
0.5520 -0.8800 -0.0960 1.0432
0.5600 -0.8800 -0.1280 1.0509
0.5600 -0.8800 -0.1280 1.0509
0.5600 -0.8800 -0.1280 1.0509
0.5600 -0.8800 -0.1280 1.0509
0.5600 -0.8800 -0.1280 1.0509
0.5600 -0.8800 -0.1120 1.0491
0.5360 -0.8880 -0.0800 1.0403
0.5360 -0.8880 -0.0800 1.0403
0.5360 -0.8880 -0.0800 1.0403
0.5360 -0.8880 -0.0800 1.0403
0.5360 -0.8880 -0.0800 1.0403
0.5360 -0.8880 -0.0800 1.0403
0.5360 -0.8880 -0.0800 1.0403
0.5360 -0.8880 -0.0800 1.0403
0.5360 -0.8880 -0.0880 1.0410
0.5600 -0.8880 -0.1200 1.0567
0.5600 -0.8880 -0.1200 1.0567
0.5600 -0.8880 -0.1200 1.0567
0.5600 -0.8880 -0.1200 1.0567
0.5600 -0.8880 -0.1200 1.0567
0.5600 -0.8880 -0.1200 1.0567
0.5600 -0.8880 -0.1200 1.0567
0.5600 -0.8880 -0.1200 1.0567
0.5600 -0.8880 -0.1120 1.0558
0.5360 -0.8800 -0.1120 1.0365
0.5360 -0.8800 -0.1120 1.0365
0.5360 -0.8800 -0.1120 1.0365
0.5360 -0.8800 -0.1120 1.0365
0.5360 -0.8800 -0.1120 1.0365
0.5360 -0.8800 -0.1120 1.0365
0.5360 -0.8800 -0.1120 1.0365
0.5360 -0.8800 -0.1120 1.0365
0.5360 -0.8880 -0.1120 1.0433
0.5360 -0.8880 -0.1120 1.0433
0.5360 -0.8880 -0.1120 1.0433
0.5360 -0.8880 -0.1120 1.0433
0.5360 -0.8880 -0.1120 1.0433
0.5360 -0.8880 -0.1280 1.0451
0.5120 -0.8400 -0.1280 0.9920
0.5120 -0.8400 -0.1280 0.9920
0.5120 -0.8400 -0.1280 0.9920
0.5120 -0.8400 -0.1280 0.9920
0.5120 -0.8400 -0.1280 0.9920
0.5120 -0.8400 -0.1280 0.9920
0.5120 -0.8400 -0.1280 0.9920
0.5120 -0.8400 -0.1280 0.9920
0.5120 -0.8400 -0.1120 0.9901
0.5360 -0.8960 -0.1120 1.0501
0.5360 -0.8960 -0.1120 1.0501
0.5360 -0.8960 -0.1120 1.0501
0.5360 -0.8960 -0.1120 1.0501
0.5360 -0.8960 -0.1120 1.0501
0.5360 -0.8960 -0.1120 1.0501
0.5360 -0.8960 -0.1120 1.0501
0.5360 -0.8960 -0.1120 1.0501
0.5360 -0.8960 -0.1120 1.0501
0.5360 -0.8960 -0.1040 1.0493
0.5360 -0.8800 -0.1040 1.0356
0.5360 -0.8800 -0.1040 1.0356
0.5360 -0.8800 -0.1040 1.0356
0.5360 -0.8800 -0.1040 1.0356
0.5360 -0.8800 -0.1040 1.0356
0.5360 -0.8800 -0.1040 1.0356
0.5360 -0.8800 -0.1040 1.0356
0.5360 -0.8800 -0.1040 1.0356
0.5360 -0.8800 -0.1040 1.0356
0.5360 -0.8800 -0.1040 1.0356
0.5360 -0.8800 -0.1040 1.0356
0.5360 -0.8800 -0.1040 1.0356
0.5360 -0.8800 -0.1040 1.0356
0.5360 -0.8800 -0.1120 1.0365
0.5280 -0.8880 -0.0800 1.0362
0.5280 -0.8880 -0.0800 1.0362
0.5280 -0.8880 -0.0800 1.0362
0.5280 -0.8880 -0.0800 1.0362
0.5280 -0.8880 -0.0800 1.0362
0.5280 -0.8880 -0.0800 1.0362
0.5280 -0.8880 -0.0800 1.0362
0.5280 -0.8880 -0.0800 1.0362
0.5280 -0.8880 -0.0880 1.0369
0.5360 -0.8960 -0.0880 1.0478
0.5360 -0.8960 -0.0880 1.0478
0.5360 -0.8960 -0.0880 1.0478
0.5360 -0.8960 -0.0880 1.0478
0.5360 -0.8960 -0.0880 1.0478
0.5360 -0.8960 -0.0880 1.0478
0.5360 -0.8960 -0.0880 1.0478
0.5360 -0.8960 -0.0880 1.0478
0.5360 -0.8960 -0.0720 1.0466
0.5360 -0.8720 -0.1040 1.0288
0.5360 -0.8720 -0.1040 1.0288
0.5360 -0.8720 -0.1040 1.0288
0.5360 -0.8720 -0.1040 1.0288
0.5360 -0.8720 -0.1040 1.0288
0.5360 -0.8720 -0.1040 1.0288
0.5360 -0.8720 -0.1280 1.0315
0.5680 -0.8960 -0.0960 1.0652
0.5680 -0.8960 -0.0960 1.0652
0.5680 -0.8960 -0.0960 1.0652
0.5680 -0.8960 -0.0960 1.0652
0.5680 -0.8960 -0.0960 1.0652
0.5680 -0.8960 -0.0960 1.0652
0.5680 -0.8960 -0.0960 1.0652
0.5680 -0.8720 -0.1280 1.0485
0.5680 -0.8720 -0.1280 1.0485
0.5680 -0.8720 -0.1280 1.0485
0.5680 -0.8720 -0.1280 1.0485
0.5680 -0.8720 -0.1280 1.0485
0.5680 -0.8720 -0.1280 1.0485
0.5680 -0.8720 -0.1280 1.0485
0.5680 -0.8720 -0.1280 1.0485
0.5680 -0.8720 -0.1040 1.0459
0.5280 -0.8960 -0.1040 1.0452
0.5280 -0.8960 -0.1040 1.0452
0.5280 -0.8960 -0.1040 1.0452
0.5280 -0.8960 -0.1040 1.0452
0.5280 -0.8960 -0.1040 1.0452
0.5280 -0.8960 -0.1040 1.0452
0.5280 -0.8960 -0.1040 1.0452
0.5280 -0.8960 -0.1040 1.0452
0.5280 -0.8960 -0.1040 1.0452
0.5280 -0.8960 -0.1040 1.0452
0.5280 -0.8800 -0.1040 1.0315
0.5280 -0.8800 -0.1040 1.0315
0.5280 -0.8800 -0.1040 1.0315
0.5280 -0.8800 -0.1040 1.0315
0.5280 -0.8800 -0.1040 1.0315
0.5280 -0.8800 -0.1120 1.0323
0.5280 -0.8960 -0.1120 1.0460
0.5280 -0.8960 -0.1120 1.0460
0.5280 -0.8960 -0.1120 1.0460
0.5280 -0.8960 -0.1120 1.0460
0.5280 -0.8960 -0.1120 1.0460
0.5280 -0.8960 -0.1120 1.0460
0.5280 -0.8960 -0.1120 1.0460
0.5280 -0.8960 -0.1040 1.0452
0.5120 -0.8560 -0.1040 1.0028
0.5120 -0.8560 -0.1040 1.0028
0.5120 -0.8560 -0.1040 1.0028
0.5120 -0.8560 -0.1040 1.0028
0.5120 -0.8560 -0.1040 1.0028
0.5120 -0.8560 -0.1040 1.0028
0.5120 -0.8560 -0.1040 1.0028
0.5120 -0.8560 -0.1040 1.0028
0.5120 -0.8560 -0.1040 1.0028
0.5360 -0.8880 -0.1040 1.0424
0.5360 -0.8880 -0.1040 1.0424
0.5360 -0.8880 -0.1040 1.0424
0.5360 -0.8880 -0.1040 1.0424
0.5360 -0.8880 -0.1040 1.0424
0.5360 -0.8880 -0.1040 1.0424
0.5360 -0.8880 -0.1040 1.0424
0.5360 -0.8880 -0.1040 1.0424
0.5360 -0.8880 -0.1200 1.0441
0.5360 -0.8880 -0.0880 1.0410
0.5360 -0.8880 -0.0880 1.0410
0.5360 -0.8880 -0.0880 1.0410
0.5360 -0.8880 -0.0880 1.0410
0.5360 -0.8880 -0.0880 1.0410
0.5360 -0.8880 -0.0880 1.0410
0.5360 -0.8720 -0.1200 1.0306
0.5360 -0.8720 -0.1200 1.0306
0.5360 -0.8720 -0.1200 1.0306
0.5360 -0.8720 -0.1200 1.0306
0.5360 -0.8720 -0.1200 1.0306
0.5360 -0.8720 -0.1040 1.0288
0.5120 -0.8560 -0.1040 1.0028
0.5120 -0.8560 -0.1040 1.0028
0.5120 -0.8560 -0.1040 1.0028
0.5120 -0.8560 -0.1040 1.0028
0.5120 -0.8560 -0.1040 1.0028
0.5120 -0.8560 -0.1040 1.0028
0.5120 -0.8560 -0.1040 1.0028
0.5120 -0.8560 -0.1040 1.0028
0.5120 -0.8560 -0.1120 1.0037
0.5600 -0.8880 -0.1120 1.0558
0.5600 -0.8880 -0.1120 1.0558
0.5600 -0.8880 -0.1120 1.0558
0.5600 -0.8880 -0.1120 1.0558
0.5600 -0.8880 -0.1120 1.0558
0.5600 -0.8880 -0.1120 1.0558
0.5600 -0.8880 -0.1120 1.0558
0.5600 -0.8880 -0.1120 1.0558
0.5600 -0.8880 -0.1280 1.0576
0.5600 -0.8880 -0.0960 1.0542
0.5600 -0.8880 -0.0960 1.0542
0.5600 -0.8880 -0.0960 1.0542
0.5600 -0.8880 -0.0960 1.0542
0.5600 -0.8880 -0.0960 1.0542
0.5600 -0.8880 -0.0960 1.0542
0.5600 -0.8880 -0.0960 1.0542
0.5600 -0.8880 -0.0880 1.0535
0.5600 -0.8880 -0.0880 1.0535
0.5600 -0.8880 -0.0880 1.0535
0.5600 -0.8880 -0.0880 1.0535
0.5600 -0.8880 -0.0880 1.0535
0.5600 -0.8880 -0.0880 1.0535
0.5600 -0.8880 -0.0960 1.0542
0.5680 -0.8720 -0.1280 1.0485
0.5680 -0.8720 -0.1280 1.0485
0.5680 -0.8720 -0.1280 1.0485
0.5680 -0.8720 -0.1280 1.0485
0.5680 -0.8720 -0.1280 1.0485
0.5680 -0.8720 -0.1280 1.0485
0.5680 -0.8720 -0.1280 1.0485
0.5680 -0.8720 -0.1280 1.0485
0.5680 -0.8720 -0.1040 1.0459
0.5360 -0.8880 -0.0720 1.0397
0.5360 -0.8880 -0.0720 1.0397
0.5360 -0.8880 -0.0720 1.0397
0.5360 -0.8880 -0.0720 1.0397
0.5360 -0.8880 -0.0720 1.0397
0.5360 -0.8880 -0.0720 1.0397
0.5360 -0.8880 -0.0720 1.0397
0.5360 -0.8880 -0.0720 1.0397
0.5360 -0.8880 -0.0720 1.0397
0.5360 -0.8880 -0.0720 1.0397
0.5280 -0.8800 -0.1040 1.0315
0.5280 -0.8800 -0.1040 1.0315
0.5280 -0.8800 -0.1040 1.0315
0.5280 -0.8800 -0.1040 1.0315
0.5280 -0.8800 -0.1040 1.0315
0.5280 -0.8800 -0.1040 1.0315
0.5280 -0.8800 -0.1120 1.0323
0.5280 -0.8720 -0.1120 1.0255
0.5280 -0.8720 -0.1120 1.0255
0.5280 -0.8720 -0.1120 1.0255
0.5280 -0.8720 -0.1120 1.0255
0.5280 -0.8720 -0.1120 1.0255
0.5280 -0.8720 -0.1120 1.0255
0.5280 -0.8720 -0.1120 1.0255
0.5360 -0.8800 -0.1440 1.0404
0.5360 -0.8800 -0.1440 1.0404
0.5360 -0.8800 -0.1440 1.0404
0.5360 -0.8800 -0.1440 1.0404
0.5360 -0.8800 -0.1440 1.0404
0.5360 -0.8800 -0.1440 1.0404
0.5360 -0.8800 -0.1440 1.0404
0.5360 -0.8800 -0.1440 1.0404
0.5360 -0.8800 -0.1600 1.0427
0.5600 -0.8880 -0.0960 1.0542
0.5600 -0.8880 -0.0960 1.0542
0.5600 -0.8880 -0.0960 1.0542
0.5600 -0.8880 -0.0960 1.0542
0.5600 -0.8880 -0.0960 1.0542
0.5600 -0.8880 -0.0960 1.0542
0.5600 -0.8880 -0.0960 1.0542
0.5600 -0.8880 -0.0960 1.0542
0.5600 -0.8880 -0.0960 1.0542
0.5680 -0.8720 -0.1280 1.0485
0.5680 -0.8720 -0.1280 1.0485
0.5680 -0.8720 -0.1280 1.0485
0.5680 -0.8720 -0.1280 1.0485
0.5680 -0.8720 -0.1280 1.0485
0.5680 -0.8720 -0.1280 1.0485
0.5680 -0.8720 -0.1280 1.0485
0.5440 -0.8560 -0.1280 1.0223
0.5440 -0.8560 -0.1280 1.0223
0.5440 -0.8560 -0.1280 1.0223
0.5440 -0.8560 -0.1280 1.0223
0.5440 -0.8560 -0.1280 1.0223
0.5440 -0.8560 -0.1280 1.0223
0.5440 -0.8560 -0.1280 1.0223
0.5680 -0.8720 -0.1600 1.0529
0.5680 -0.8720 -0.1600 1.0529
0.5680 -0.8720 -0.1600 1.0529
0.5680 -0.8720 -0.1600 1.0529
0.5680 -0.8720 -0.1600 1.0529
0.5680 -0.8720 -0.1600 1.0529
0.5680 -0.8720 -0.1600 1.0529
0.5680 -0.8720 -0.1600 1.0529
0.5680 -0.8720 -0.1600 1.0529
0.5680 -0.8720 -0.1600 1.0529
0.5600 -0.8880 -0.1280 1.0576
0.5600 -0.8880 -0.1280 1.0576
0.5600 -0.8880 -0.1280 1.0576
0.5600 -0.8880 -0.1280 1.0576
0.5600 -0.8880 -0.1280 1.0576
0.5600 -0.8880 -0.1280 1.0576
0.5600 -0.8880 -0.1280 1.0576
0.5600 -0.8880 -0.1280 1.0576
0.5600 -0.8880 -0.1040 1.0550
0.5360 -0.8800 -0.1360 1.0393
0.5360 -0.8800 -0.1360 1.0393
0.5360 -0.8800 -0.1360 1.0393
0.5360 -0.8800 -0.1360 1.0393
0.5360 -0.8800 -0.1360 1.0393
0.5360 -0.8800 -0.1360 1.0393
0.5280 -0.8960 -0.1040 1.0452
0.5280 -0.8960 -0.1040 1.0452
0.5280 -0.8960 -0.1040 1.0452
0.5280 -0.8960 -0.1040 1.0452
0.5280 -0.8960 -0.1040 1.0452
0.5280 -0.8960 -0.1040 1.0452
0.5280 -0.8960 -0.1040 1.0452
0.5280 -0.8960 -0.1040 1.0452
0.5280 -0.8800 -0.1040 1.0315
0.5280 -0.8800 -0.1040 1.0315
0.5280 -0.8800 -0.1040 1.0315
0.5280 -0.8800 -0.1040 1.0315
0.5280 -0.8800 -0.1040 1.0315
0.5280 -0.8800 -0.1040 1.0315
0.5280 -0.8800 -0.1040 1.0315
0.5280 -0.8800 -0.1040 1.0315
0.5280 -0.8800 -0.1280 1.0342
0.5680 -0.8960 -0.0960 1.0652
0.5680 -0.8960 -0.0960 1.0652
0.5680 -0.8960 -0.0960 1.0652
0.5680 -0.8960 -0.0960 1.0652
0.5680 -0.8960 -0.0960 1.0652
0.5680 -0.8960 -0.0960 1.0652
0.5680 -0.8960 -0.0960 1.0652
0.5680 -0.8960 -0.0960 1.0652
0.5680 -0.8960 -0.0800 1.0639
0.5280 -0.8720 -0.0800 1.0225
0.5280 -0.8720 -0.0800 1.0225
0.5280 -0.8720 -0.0800 1.0225
0.5280 -0.8720 -0.0800 1.0225
0.5280 -0.8720 -0.0800 1.0225
0.5280 -0.8720 -0.0720 1.0219
0.5280 -0.8880 -0.0720 1.0356
0.5280 -0.8880 -0.0720 1.0356
0.5280 -0.8880 -0.0720 1.0356
0.5280 -0.8880 -0.0720 1.0356
0.5280 -0.8880 -0.0720 1.0356
0.5280 -0.8880 -0.0720 1.0356
0.5280 -0.8720 -0.1040 1.0247
0.5280 -0.8720 -0.1040 1.0247
0.5280 -0.8720 -0.1040 1.0247
0.5280 -0.8720 -0.1040 1.0247
0.5280 -0.8720 -0.1040 1.0247
0.5280 -0.8720 -0.1040 1.0247
0.5280 -0.8720 -0.1040 1.0247
0.5280 -0.8720 -0.1040 1.0247
0.5280 -0.8720 -0.1280 1.0274
0.5680 -0.8800 -0.1280 1.0552
0.5680 -0.8800 -0.1280 1.0552
0.5680 -0.8800 -0.1280 1.0552
0.5680 -0.8800 -0.1280 1.0552
0.5680 -0.8800 -0.1280 1.0552
0.5680 -0.8800 -0.1280 1.0552
0.5680 -0.8800 -0.1280 1.0552
0.5680 -0.8800 -0.1280 1.0552
0.5680 -0.8800 -0.1280 1.0552
0.5600 -0.8800 -0.1280 1.0509
0.5600 -0.8800 -0.1280 1.0509
0.5600 -0.8800 -0.1280 1.0509
0.5600 -0.8800 -0.1280 1.0509
0.5600 -0.8800 -0.1280 1.0509
0.5600 -0.8800 -0.1280 1.0509
0.5600 -0.8800 -0.1280 1.0509
0.5600 -0.8800 -0.1040 1.0482
0.5280 -0.8800 -0.1040 1.0315
0.5280 -0.8800 -0.1040 1.0315
0.5280 -0.8800 -0.1040 1.0315
0.5280 -0.8800 -0.1040 1.0315
0.5280 -0.8800 -0.1040 1.0315
0.5280 -0.8800 -0.1200 1.0332
0.5600 -0.8880 -0.1200 1.0567
0.5600 -0.8880 -0.1200 1.0567
0.5600 -0.8880 -0.1200 1.0567
0.5600 -0.8880 -0.1200 1.0567
0.5600 -0.8880 -0.1200 1.0567
0.5600 -0.8880 -0.1200 1.0567
0.5600 -0.8880 -0.1200 1.0567
0.5600 -0.8880 -0.1200 1.0567
0.5600 -0.8880 -0.1200 1.0567
0.5600 -0.8880 -0.1040 1.0550
0.5360 -0.8960 -0.0720 1.0466
0.5360 -0.8960 -0.0720 1.0466
0.5360 -0.8960 -0.0720 1.0466
0.5360 -0.8960 -0.0720 1.0466
0.5360 -0.8960 -0.0720 1.0466
0.5360 -0.8960 -0.0720 1.0466
0.5360 -0.8960 -0.0720 1.0466
0.5360 -0.8960 -0.0720 1.0466
0.5360 -0.8960 -0.0960 1.0485
0.5680 -0.8960 -0.0960 1.0652
0.5680 -0.8960 -0.0960 1.0652
0.5680 -0.8960 -0.0960 1.0652
0.5680 -0.8960 -0.0960 1.0652
0.5680 -0.8960 -0.0960 1.0652
0.5680 -0.8960 -0.0960 1.0652
0.5680 -0.8960 -0.0960 1.0652
0.5680 -0.8960 -0.0960 1.0652
0.5680 -0.8960 -0.0960 1.0652
0.5680 -0.8960 -0.0960 1.0652
0.5680 -0.8960 -0.0960 1.0652
0.5680 -0.8960 -0.0960 1.0652
0.5680 -0.8960 -0.0960 1.0652
0.5680 -0.8960 -0.0720 1.0633
0.5360 -0.8960 -0.0720 1.0466
0.5360 -0.8960 -0.0720 1.0466
0.5360 -0.8960 -0.0720 1.0466
0.5360 -0.8960 -0.0720 1.0466
0.5360 -0.8960 -0.0720 1.0466
0.5360 -0.8960 -0.0720 1.0466
0.5360 -0.8960 -0.0720 1.0466
0.5360 -0.8960 -0.0720 1.0466
0.5360 -0.8960 -0.0800 1.0471
0.5600 -0.8800 -0.1120 1.0491
0.5600 -0.8800 -0.1120 1.0491
0.5600 -0.8800 -0.1120 1.0491
0.5600 -0.8800 -0.1120 1.0491
0.5600 -0.8800 -0.1120 1.0491
0.5600 -0.8800 -0.1120 1.0491
0.5600 -0.8800 -0.1120 1.0491
0.5600 -0.8800 -0.1120 1.0491
0.5600 -0.8800 -0.1280 1.0509
0.5680 -0.8960 -0.0960 1.0652
0.5680 -0.8960 -0.0960 1.0652
0.5680 -0.8960 -0.0960 1.0652
0.5680 -0.8960 -0.0960 1.0652
0.5680 -0.8960 -0.0960 1.0652
0.5680 -0.8960 -0.0960 1.0652
0.5680 -0.8960 -0.0800 1.0639
0.5280 -0.8800 -0.1120 1.0323
0.5280 -0.8800 -0.1120 1.0323
0.5280 -0.8800 -0.1120 1.0323
0.5280 -0.8800 -0.1120 1.0323
0.5280 -0.8800 -0.1120 1.0323
0.5280 -0.8800 -0.1120 1.0323
0.5280 -0.8800 -0.1120 1.0323
0.5360 -0.8800 -0.1440 1.0404
0.5360 -0.8800 -0.1440 1.0404
0.5360 -0.8800 -0.1440 1.0404
0.5360 -0.8800 -0.1440 1.0404
0.5360 -0.8800 -0.1440 1.0404
0.5360 -0.8800 -0.1440 1.0404
0.5360 -0.8800 -0.1440 1.0404
0.5360 -0.8800 -0.1440 1.0404
0.5360 -0.8800 -0.1440 1.0404
0.5360 -0.8800 -0.1600 1.0427
0.5600 -0.8960 -0.0960 1.0610
0.5600 -0.8960 -0.0960 1.0610
0.5600 -0.8960 -0.0960 1.0610
0.5600 -0.8960 -0.0960 1.0610
0.5600 -0.8960 -0.0960 1.0610
0.5600 -0.8960 -0.0960 1.0610
0.5600 -0.8960 -0.0960 1.0610
0.5600 -0.8960 -0.0960 1.0610
0.5600 -0.8960 -0.0720 1.0591
0.5200 -0.8880 -0.1040 1.0343
0.5200 -0.8880 -0.1040 1.0343
0.5200 -0.8880 -0.1040 1.0343
0.5200 -0.8880 -0.1040 1.0343
0.5200 -0.8880 -0.1040 1.0343
0.5200 -0.8880 -0.1280 1.0370
0.5600 -0.8880 -0.0960 1.0542
0.5600 -0.8880 -0.0960 1.0542
0.5600 -0.8880 -0.0960 1.0542
0.5600 -0.8880 -0.0960 1.0542
0.5600 -0.8880 -0.0800 1.0529
0.5280 -0.8800 -0.0800 1.0294
0.5280 -0.8800 -0.0800 1.0294
0.5280 -0.8800 -0.0800 1.0294
0.5280 -0.8800 -0.0800 1.0294
0.5280 -0.8800 -0.0800 1.0294
0.5280 -0.8800 -0.0800 1.0294
0.5280 -0.8800 -0.0800 1.0294
0.5280 -0.8800 -0.0800 1.0294
0.5280 -0.8800 -0.0800 1.0294
0.5360 -0.8720 -0.1120 1.0297
0.5360 -0.8720 -0.1120 1.0297
0.5360 -0.8720 -0.1120 1.0297
0.5360 -0.8720 -0.1120 1.0297
0.5360 -0.8720 -0.1120 1.0297
0.5360 -0.8720 -0.1120 1.0297
0.5360 -0.8720 -0.1120 1.0297
0.5360 -0.8720 -0.1120 1.0297
0.5360 -0.8720 -0.1120 1.0297
0.5360 -0.8720 -0.1280 1.0315
0.5600 -0.8720 -0.0960 1.0408
0.5600 -0.8720 -0.0960 1.0408
0.5600 -0.8720 -0.0960 1.0408
0.5600 -0.8720 -0.0960 1.0408
0.5600 -0.8720 -0.0960 1.0408
0.5600 -0.8720 -0.0960 1.0408
0.5600 -0.8720 -0.0960 1.0408
0.5600 -0.8720 -0.0720 1.0388
0.5280 -0.8720 -0.1040 1.0247
0.5280 -0.8720 -0.1040 1.0247
0.5280 -0.8720 -0.1040 1.0247
0.5280 -0.8720 -0.1040 1.0247
0.5280 -0.8720 -0.1040 1.0247
0.5280 -0.8720 -0.1200 1.0264
0.5600 -0.8800 -0.1200 1.0500
0.5600 -0.8800 -0.1200 1.0500
0.5600 -0.8800 -0.1200 1.0500
0.5600 -0.8800 -0.1200 1.0500
0.5600 -0.8800 -0.1200 1.0500
0.5600 -0.8800 -0.1200 1.0500
0.5600 -0.8800 -0.1200 1.0500
0.5600 -0.8800 -0.1200 1.0500
0.5600 -0.8800 -0.1120 1.0491
0.5360 -0.8880 -0.0800 1.0403
0.5360 -0.8880 -0.0800 1.0403
0.5360 -0.8880 -0.0800 1.0403
0.5360 -0.8880 -0.0800 1.0403
0.5360 -0.8880 -0.0800 1.0403
0.5360 -0.8880 -0.0800 1.0403
0.5360 -0.8880 -0.0800 1.0403
0.5360 -0.8880 -0.0800 1.0403
0.5360 -0.8880 -0.0800 1.0403
0.5680 -0.8720 -0.1120 1.0467
0.5680 -0.8720 -0.1120 1.0467
0.5680 -0.8720 -0.1120 1.0467
0.5680 -0.8720 -0.1120 1.0467
0.5680 -0.8720 -0.1120 1.0467
0.5680 -0.8720 -0.1120 1.0467
0.5680 -0.8720 -0.1120 1.0467
0.5680 -0.8720 -0.1200 1.0476
0.5680 -0.8720 -0.1200 1.0476
0.5680 -0.8720 -0.1200 1.0476
0.5680 -0.8720 -0.1200 1.0476
0.5680 -0.8720 -0.1200 1.0476
0.5680 -0.8720 -0.1200 1.0476
0.5680 -0.8720 -0.1200 1.0476
0.5680 -0.8800 -0.1520 1.0584
0.5680 -0.8800 -0.1520 1.0584
0.5680 -0.8800 -0.1520 1.0584
0.5680 -0.8800 -0.1520 1.0584
0.5680 -0.8800 -0.1520 1.0584
0.5680 -0.8800 -0.1520 1.0584
0.5680 -0.8800 -0.1520 1.0584
0.5680 -0.8800 -0.1520 1.0584
0.5680 -0.8800 -0.1520 1.0584
0.5680 -0.8800 -0.1360 1.0562
0.5280 -0.8720 -0.1360 1.0284
0.5280 -0.8720 -0.1360 1.0284
0.5280 -0.8720 -0.1360 1.0284
0.5280 -0.8720 -0.1360 1.0284
0.5280 -0.8720 -0.1360 1.0284
0.5280 -0.8720 -0.1360 1.0284
0.5280 -0.8720 -0.1360 1.0284
0.5280 -0.8720 -0.1360 1.0284
0.5280 -0.8720 -0.1360 1.0284
0.5360 -0.8800 -0.1040 1.0356
0.5360 -0.8800 -0.1040 1.0356
0.5360 -0.8800 -0.1040 1.0356
0.5360 -0.8800 -0.1040 1.0356
0.5360 -0.8800 -0.1040 1.0356
0.5360 -0.8800 -0.1040 1.0356
0.5360 -0.8800 -0.1040 1.0356
0.5360 -0.8720 -0.1040 1.0288
0.5360 -0.8720 -0.1040 1.0288
0.5360 -0.8720 -0.1040 1.0288
0.5360 -0.8720 -0.1040 1.0288
0.5360 -0.8720 -0.1040 1.0288
0.5360 -0.8720 -0.1040 1.0288
0.5360 -0.8720 -0.1280 1.0315
0.5600 -0.8800 -0.0960 1.0475
0.5600 -0.8800 -0.0960 1.0475
0.5600 -0.8800 -0.0960 1.0475
0.5600 -0.8800 -0.0960 1.0475
0.5600 -0.8800 -0.0960 1.0475
0.5600 -0.8800 -0.0960 1.0475
0.5600 -0.8800 -0.0960 1.0475
0.5600 -0.8800 -0.0960 1.0475
0.5600 -0.8800 -0.0880 1.0468
0.5680 -0.8960 -0.0560 1.0623
0.5680 -0.8960 -0.0560 1.0623
0.5680 -0.8960 -0.0560 1.0623
0.5680 -0.8960 -0.0560 1.0623
0.5680 -0.8960 -0.0560 1.0623
0.5680 -0.8960 -0.0560 1.0623
0.5680 -0.8960 -0.0560 1.0623
0.5680 -0.8960 -0.0560 1.0623
0.5680 -0.8960 -0.0640 1.0628
0.5680 -0.8800 -0.0960 1.0518
0.5680 -0.8800 -0.0960 1.0518
0.5680 -0.8800 -0.0960 1.0518
0.5680 -0.8800 -0.0960 1.0518
0.5680 -0.8800 -0.0960 1.0518
0.5680 -0.8800 -0.0960 1.0518
0.5680 -0.8800 -0.0960 1.0518
0.5520 -0.8720 -0.1280 1.0399
0.5520 -0.8720 -0.1280 1.0399
0.5520 -0.8720 -0.1280 1.0399
0.5520 -0.8720 -0.1280 1.0399
0.5520 -0.8720 -0.1280 1.0399
0.5520 -0.8720 -0.1280 1.0399
0.5520 -0.8720 -0.1280 1.0399
0.5520 -0.8720 -0.1040 1.0373
0.5360 -0.8880 -0.1040 1.0424
0.5360 -0.8880 -0.1040 1.0424
0.5360 -0.8880 -0.1040 1.0424
0.5360 -0.8880 -0.1040 1.0424
0.5360 -0.8880 -0.1040 1.0424
0.5360 -0.8880 -0.1040 1.0424
0.5360 -0.8880 -0.1040 1.0424
0.5360 -0.8880 -0.1040 1.0424
0.5360 -0.8880 -0.1040 1.0424
0.5200 -0.8720 -0.1040 1.0206
0.5200 -0.8720 -0.1040 1.0206
0.5200 -0.8720 -0.1040 1.0206
0.5200 -0.8720 -0.1040 1.0206
0.5200 -0.8720 -0.1040 1.0206
0.5200 -0.8720 -0.1040 1.0206
0.5200 -0.8720 -0.1040 1.0206
0.5200 -0.8720 -0.1040 1.0206
0.5200 -0.8720 -0.1040 1.0206
0.5120 -0.8480 -0.1040 0.9960
0.5120 -0.8480 -0.1040 0.9960
0.5120 -0.8480 -0.1040 0.9960
0.5120 -0.8480 -0.1040 0.9960
0.5120 -0.8480 -0.1040 0.9960
0.5120 -0.8480 -0.1040 0.9960
0.5360 -0.8720 -0.1040 1.0288
0.5360 -0.8720 -0.1040 1.0288
0.5360 -0.8720 -0.1040 1.0288
0.5360 -0.8720 -0.1040 1.0288
0.5360 -0.8720 -0.1200 1.0306
0.5680 -0.8960 -0.0880 1.0645
0.5680 -0.8960 -0.0880 1.0645
0.5680 -0.8960 -0.0880 1.0645
0.5680 -0.8960 -0.0880 1.0645
0.5680 -0.8960 -0.0880 1.0645
0.5680 -0.8960 -0.0880 1.0645
0.5680 -0.8960 -0.0880 1.0645
0.5680 -0.8960 -0.0880 1.0645
0.5680 -0.8960 -0.0880 1.0645
0.5600 -0.8720 -0.1200 1.0433
0.5600 -0.8720 -0.1200 1.0433
0.5600 -0.8720 -0.1200 1.0433
0.5600 -0.8720 -0.1200 1.0433
0.5600 -0.8720 -0.1200 1.0433
0.5600 -0.8720 -0.1200 1.0433
0.5600 -0.8720 -0.1200 1.0433
0.5600 -0.8720 -0.1200 1.0433
0.5600 -0.8720 -0.1200 1.0433
0.5600 -0.8720 -0.1040 1.0415
0.5280 -0.8720 -0.0720 1.0219
0.5280 -0.8720 -0.0720 1.0219
0.5280 -0.8720 -0.0720 1.0219
0.5280 -0.8720 -0.0720 1.0219
0.5280 -0.8720 -0.0720 1.0219
0.5280 -0.8720 -0.0720 1.0219
0.5280 -0.8720 -0.0720 1.0219
0.5280 -0.8720 -0.0800 1.0225
0.5360 -0.8960 -0.0800 1.0471
0.5360 -0.8960 -0.0800 1.0471
0.5360 -0.8960 -0.0800 1.0471
0.5360 -0.8960 -0.0800 1.0471
0.5360 -0.8960 -0.0800 1.0471
0.5360 -0.8960 -0.0880 1.0478
0.5360 -0.8800 -0.1200 1.0374
0.5360 -0.8800 -0.1200 1.0374
0.5360 -0.8800 -0.1200 1.0374
0.5360 -0.8800 -0.1200 1.0374
0.5360 -0.8800 -0.1200 1.0374
0.5360 -0.8800 -0.1200 1.0374
0.5360 -0.8800 -0.1200 1.0374
0.5360 -0.8800 -0.1200 1.0374
0.5360 -0.8800 -0.1280 1.0383
0.5600 -0.8800 -0.1280 1.0509
0.5600 -0.8800 -0.1280 1.0509
0.5600 -0.8800 -0.1280 1.0509
0.5600 -0.8800 -0.1280 1.0509
0.5600 -0.8800 -0.1280 1.0509
0.5600 -0.8800 -0.1280 1.0509
0.5600 -0.8800 -0.1280 1.0509
0.5600 -0.8800 -0.1280 1.0509
0.5600 -0.8800 -0.1040 1.0482
0.5360 -0.8800 -0.0720 1.0329
0.5360 -0.8800 -0.0720 1.0329
0.5360 -0.8800 -0.0720 1.0329
0.5360 -0.8800 -0.0720 1.0329
0.5360 -0.8800 -0.0720 1.0329
0.5360 -0.8800 -0.0720 1.0329
0.5360 -0.8800 -0.0720 1.0329
0.5360 -0.8800 -0.0720 1.0329
0.5360 -0.8880 -0.0720 1.0397
0.5360 -0.8880 -0.0720 1.0397
0.5360 -0.8880 -0.0720 1.0397
0.5360 -0.8880 -0.0720 1.0397
0.5360 -0.8880 -0.0720 1.0397
0.5360 -0.8880 -0.0800 1.0403
0.5680 -0.8960 -0.0800 1.0639
0.5680 -0.8960 -0.0800 1.0639
0.5680 -0.8960 -0.0800 1.0639
0.5680 -0.8960 -0.0800 1.0639
0.5680 -0.8960 -0.0800 1.0639
0.5680 -0.8960 -0.0800 1.0639
0.5680 -0.8960 -0.0800 1.0639
0.5680 -0.8960 -0.0800 1.0639
0.5680 -0.8960 -0.0800 1.0639
0.5680 -0.8960 -0.0960 1.0652
0.5440 -0.8400 -0.0960 1.0054
0.5440 -0.8400 -0.0960 1.0054
0.5440 -0.8400 -0.0960 1.0054
0.5440 -0.8400 -0.0960 1.0054
0.5440 -0.8400 -0.0960 1.0054
0.5440 -0.8400 -0.0960 1.0054
0.5440 -0.8400 -0.0960 1.0054
0.5440 -0.8400 -0.0960 1.0054
0.5440 -0.8400 -0.0960 1.0054
0.5440 -0.8560 -0.1280 1.0223
0.5440 -0.8560 -0.1280 1.0223
0.5440 -0.8560 -0.1280 1.0223
0.5440 -0.8560 -0.1280 1.0223
0.5440 -0.8560 -0.1280 1.0223
0.5440 -0.8560 -0.1280 1.0223
0.5440 -0.8560 -0.1280 1.0223
0.5440 -0.8480 -0.1280 1.0156
0.5440 -0.8480 -0.1280 1.0156
0.5440 -0.8480 -0.1280 1.0156
0.5440 -0.8480 -0.1280 1.0156
0.5440 -0.8480 -0.1280 1.0156
0.5440 -0.8480 -0.1280 1.0156
0.5440 -0.8480 -0.1040 1.0128
0.5120 -0.8480 -0.1040 0.9960
0.5120 -0.8480 -0.1040 0.9960
0.5120 -0.8480 -0.1040 0.9960
0.5120 -0.8480 -0.1040 0.9960
0.5120 -0.8480 -0.1040 0.9960
0.5120 -0.8480 -0.1040 0.9960
0.5120 -0.8480 -0.1040 0.9960
0.5120 -0.8480 -0.1040 0.9960
0.5120 -0.8480 -0.1200 0.9978
0.5680 -0.8880 -0.1200 1.0609
0.5680 -0.8880 -0.1200 1.0609
0.5680 -0.8880 -0.1200 1.0609
0.5680 -0.8880 -0.1200 1.0609
0.5680 -0.8880 -0.1200 1.0609
0.5680 -0.8880 -0.1200 1.0609
0.5680 -0.8880 -0.1200 1.0609
0.5680 -0.8880 -0.1200 1.0609
0.5680 -0.8880 -0.1200 1.0609
0.5680 -0.8880 -0.1120 1.0601
0.5360 -0.8720 -0.1120 1.0297
0.5360 -0.8720 -0.1120 1.0297
0.5360 -0.8720 -0.1120 1.0297
0.5360 -0.8720 -0.1120 1.0297
0.5360 -0.8720 -0.1120 1.0297
0.5360 -0.8720 -0.1200 1.0306
0.5360 -0.8880 -0.0880 1.0410
0.5360 -0.8880 -0.0880 1.0410
0.5360 -0.8880 -0.0880 1.0410
0.5360 -0.8880 -0.0880 1.0410
0.5360 -0.8880 -0.0880 1.0410
0.5360 -0.8880 -0.0880 1.0410
0.5360 -0.8880 -0.0880 1.0410
0.5360 -0.8880 -0.0880 1.0410
0.5120 -0.8480 -0.0880 0.9945
0.5120 -0.8480 -0.0880 0.9945
0.5120 -0.8480 -0.0880 0.9945
0.5120 -0.8480 -0.0880 0.9945
0.5120 -0.8480 -0.0880 0.9945
0.5120 -0.8480 -0.0880 0.9945
0.5120 -0.8480 -0.0880 0.9945
0.5120 -0.8480 -0.0880 0.9945
0.5120 -0.8480 -0.0960 0.9952
0.5600 -0.8800 -0.1280 1.0509
0.5600 -0.8800 -0.1280 1.0509
0.5600 -0.8800 -0.1280 1.0509
0.5600 -0.8800 -0.1280 1.0509
0.5600 -0.8800 -0.1280 1.0509
0.5600 -0.8800 -0.1280 1.0509
0.5600 -0.8800 -0.1280 1.0509
0.5600 -0.8800 -0.1280 1.0509
0.5600 -0.8800 -0.1200 1.0500
0.5680 -0.8880 -0.0880 1.0578
0.5680 -0.8880 -0.0880 1.0578
0.5680 -0.8880 -0.0880 1.0578
0.5680 -0.8880 -0.0880 1.0578
0.5680 -0.8880 -0.0880 1.0578
0.5680 -0.8880 -0.0880 1.0578
0.5680 -0.8720 -0.0880 1.0444
0.5680 -0.8720 -0.0880 1.0444
0.5680 -0.8720 -0.0880 1.0444
0.5680 -0.8720 -0.0880 1.0444
0.5680 -0.8720 -0.0880 1.0444
0.5680 -0.8720 -0.0880 1.0444
0.5520 -0.8880 -0.0880 1.0493
0.5520 -0.8880 -0.0880 1.0493
0.5520 -0.8880 -0.0880 1.0493
0.5520 -0.8880 -0.0880 1.0493
0.5520 -0.8880 -0.0880 1.0493
0.5520 -0.8880 -0.0880 1.0493
0.5520 -0.8880 -0.0880 1.0493
0.5520 -0.8880 -0.0880 1.0493
0.5520 -0.8880 -0.0800 1.0486
0.5280 -0.8800 -0.0800 1.0294
0.5280 -0.8800 -0.0800 1.0294
0.5280 -0.8800 -0.0800 1.0294
0.5280 -0.8800 -0.0800 1.0294
0.5280 -0.8800 -0.0800 1.0294
0.5280 -0.8800 -0.0800 1.0294
0.5280 -0.8800 -0.0800 1.0294
0.5280 -0.8800 -0.0800 1.0294
0.5280 -0.8800 -0.0880 1.0300
0.5360 -0.8800 -0.0880 1.0341
0.5360 -0.8800 -0.0880 1.0341
0.5360 -0.8800 -0.0880 1.0341
0.5360 -0.8800 -0.0880 1.0341
0.5360 -0.8800 -0.0880 1.0341
0.5360 -0.8800 -0.0880 1.0341
0.5360 -0.8800 -0.0880 1.0341
0.5360 -0.8800 -0.0800 1.0335
0.5120 -0.8400 -0.1120 0.9901
0.5120 -0.8400 -0.1120 0.9901
0.5120 -0.8400 -0.1120 0.9901
0.5120 -0.8400 -0.1120 0.9901
0.5120 -0.8400 -0.1120 0.9901
0.5120 -0.8400 -0.1280 0.9920
0.5600 -0.8720 -0.1280 1.0442
0.5600 -0.8720 -0.1280 1.0442
0.5600 -0.8720 -0.1280 1.0442
0.5600 -0.8720 -0.1280 1.0442
0.5600 -0.8720 -0.1280 1.0442
0.5600 -0.8720 -0.1280 1.0442
0.5600 -0.8720 -0.1280 1.0442
0.5600 -0.8720 -0.1280 1.0442
0.5600 -0.8720 -0.1200 1.0433
0.5360 -0.8720 -0.1200 1.0306
0.5360 -0.8720 -0.1200 1.0306
0.5360 -0.8720 -0.1200 1.0306
0.5360 -0.8720 -0.1200 1.0306
0.5360 -0.8720 -0.1200 1.0306
0.5360 -0.8720 -0.1200 1.0306
0.5360 -0.8720 -0.1200 1.0306
0.5360 -0.8720 -0.1200 1.0306
0.5360 -0.8720 -0.1200 1.0306
0.5360 -0.8720 -0.1200 1.0306
0.5680 -0.8800 -0.1200 1.0542
0.5680 -0.8800 -0.1200 1.0542
0.5680 -0.8800 -0.1200 1.0542
0.5680 -0.8800 -0.1200 1.0542
0.5680 -0.8800 -0.1200 1.0542
0.5680 -0.8800 -0.1200 1.0542
0.5680 -0.8800 -0.1280 1.0552
0.5600 -0.8800 -0.1280 1.0509
0.5600 -0.8800 -0.1280 1.0509
0.5600 -0.8800 -0.1280 1.0509
0.5600 -0.8800 -0.1280 1.0509
0.5600 -0.8800 -0.1280 1.0509
0.5600 -0.8800 -0.1280 1.0509
0.5600 -0.8800 -0.1280 1.0509
0.5680 -0.8720 -0.1280 1.0485
0.5680 -0.8720 -0.1280 1.0485
0.5680 -0.8720 -0.1280 1.0485
0.5680 -0.8720 -0.1280 1.0485
0.5680 -0.8720 -0.1280 1.0485
0.5680 -0.8720 -0.1280 1.0485
0.5680 -0.8720 -0.1280 1.0485
0.5680 -0.8720 -0.1280 1.0485
0.5680 -0.8720 -0.1280 1.0485
0.5600 -0.8800 -0.1280 1.0509
0.5600 -0.8800 -0.1280 1.0509
0.5600 -0.8800 -0.1280 1.0509
0.5600 -0.8800 -0.1280 1.0509
0.5600 -0.8800 -0.1280 1.0509
0.5600 -0.8800 -0.1280 1.0509
0.5600 -0.8800 -0.1280 1.0509
0.5600 -0.8800 -0.1280 1.0509
0.5600 -0.8800 -0.1040 1.0482
0.5280 -0.8880 -0.1040 1.0383
0.5280 -0.8880 -0.1040 1.0383
0.5280 -0.8880 -0.1040 1.0383
0.5280 -0.8880 -0.1040 1.0383
0.5280 -0.8880 -0.1040 1.0383
0.5280 -0.8880 -0.1040 1.0383
0.5280 -0.8880 -0.1280 1.0410
0.5600 -0.8960 -0.1280 1.0643
0.5600 -0.8960 -0.1280 1.0643
0.5600 -0.8960 -0.1280 1.0643
0.5600 -0.8960 -0.1280 1.0643
0.5600 -0.8960 -0.1280 1.0643
0.5600 -0.8960 -0.1280 1.0643
0.5600 -0.8960 -0.1280 1.0643
0.5600 -0.8960 -0.1040 1.0617
0.5360 -0.8720 -0.1040 1.0288
0.5360 -0.8720 -0.1040 1.0288
0.5360 -0.8720 -0.1040 1.0288
0.5360 -0.8720 -0.1040 1.0288
0.5360 -0.8720 -0.1040 1.0288
0.5360 -0.8720 -0.1040 1.0288
0.5360 -0.8720 -0.1040 1.0288
0.5360 -0.8720 -0.1040 1.0288
0.5360 -0.8720 -0.1200 1.0306
0.5680 -0.8800 -0.1200 1.0542
0.5680 -0.8800 -0.1200 1.0542
0.5680 -0.8800 -0.1200 1.0542
0.5680 -0.8800 -0.1200 1.0542
0.5680 -0.8800 -0.1200 1.0542
0.5680 -0.8800 -0.1200 1.0542
0.5680 -0.8800 -0.1200 1.0542
0.5680 -0.8800 -0.1200 1.0542
0.5680 -0.8800 -0.1040 1.0525
0.5280 -0.8960 -0.0720 1.0425
0.5280 -0.8960 -0.0720 1.0425
0.5280 -0.8960 -0.0720 1.0425
0.5280 -0.8960 -0.0720 1.0425
0.5280 -0.8960 -0.0720 1.0425
0.5280 -0.8960 -0.0960 1.0444
0.5520 -0.8720 -0.1280 1.0399
0.5520 -0.8720 -0.1280 1.0399
0.5520 -0.8720 -0.1280 1.0399
0.5520 -0.8720 -0.1280 1.0399
0.5520 -0.8720 -0.1040 1.0373
0.5280 -0.8720 -0.1040 1.0247
0.5280 -0.8720 -0.1040 1.0247
0.5280 -0.8720 -0.1040 1.0247
0.5280 -0.8720 -0.1040 1.0247
0.5280 -0.8720 -0.1040 1.0247
0.5280 -0.8720 -0.1040 1.0247
0.5280 -0.8720 -0.1040 1.0247
0.5280 -0.8720 -0.1040 1.0247
0.5280 -0.8720 -0.1200 1.0264
0.5600 -0.8720 -0.1200 1.0433
0.5600 -0.8720 -0.1200 1.0433
0.5600 -0.8720 -0.1200 1.0433
0.5600 -0.8720 -0.1200 1.0433
0.5600 -0.8720 -0.1200 1.0433
0.5600 -0.8720 -0.1200 1.0433
0.5600 -0.8720 -0.1200 1.0433
0.5600 -0.8720 -0.1200 1.0433
0.5600 -0.8720 -0.1200 1.0433
0.5600 -0.8720 -0.1120 1.0424
0.5280 -0.8720 -0.1120 1.0255
0.5280 -0.8720 -0.1120 1.0255
0.5280 -0.8720 -0.1120 1.0255
0.5280 -0.8720 -0.1120 1.0255
0.5280 -0.8720 -0.1120 1.0255
0.5280 -0.8720 -0.1120 1.0255
0.5280 -0.8720 -0.1120 1.0255
0.5280 -0.8720 -0.1280 1.0274
0.5680 -0.8800 -0.1280 1.0552
0.5680 -0.8800 -0.1280 1.0552
0.5680 -0.8800 -0.1280 1.0552
0.5680 -0.8800 -0.1280 1.0552
0.5680 -0.8800 -0.1280 1.0552
0.5680 -0.8800 -0.1040 1.0525
0.5360 -0.8800 -0.0720 1.0329
0.5360 -0.8800 -0.0720 1.0329
0.5360 -0.8800 -0.0720 1.0329
0.5360 -0.8800 -0.0720 1.0329
0.5360 -0.8800 -0.0720 1.0329
0.5360 -0.8800 -0.0720 1.0329
0.5360 -0.8800 -0.0720 1.0329
0.5360 -0.8800 -0.0720 1.0329
0.5360 -0.8800 -0.0800 1.0335
0.5360 -0.8720 -0.1120 1.0297
0.5360 -0.8720 -0.1120 1.0297
0.5360 -0.8720 -0.1120 1.0297
0.5360 -0.8720 -0.1120 1.0297
0.5360 -0.8720 -0.1120 1.0297
0.5360 -0.8720 -0.1120 1.0297
0.5360 -0.8720 -0.1120 1.0297
0.5360 -0.8720 -0.1120 1.0297
0.5360 -0.8720 -0.1040 1.0288
0.5200 -0.8720 -0.1040 1.0206
0.5200 -0.8720 -0.1040 1.0206
0.5200 -0.8720 -0.1040 1.0206
0.5200 -0.8720 -0.1040 1.0206
0.5200 -0.8720 -0.1040 1.0206
0.5200 -0.8720 -0.1040 1.0206
0.5200 -0.8720 -0.1040 1.0206
0.5200 -0.8720 -0.1040 1.0206
0.5280 -0.8720 -0.1040 1.0247
0.5280 -0.8720 -0.1040 1.0247
0.5280 -0.8720 -0.1040 1.0247
0.5280 -0.8720 -0.1040 1.0247
0.5280 -0.8720 -0.1040 1.0247
0.5280 -0.8720 -0.1040 1.0247
0.5280 -0.8720 -0.1040 1.0247
0.5280 -0.8720 -0.1040 1.0247
0.5280 -0.8720 -0.1040 1.0247
0.5280 -0.8720 -0.1040 1.0247
0.5280 -0.8720 -0.1040 1.0247
0.5280 -0.8720 -0.1040 1.0247
0.5280 -0.8720 -0.1040 1.0247
0.5280 -0.8720 -0.1040 1.0247
0.5280 -0.8720 -0.1040 1.0247
0.5280 -0.8720 -0.1120 1.0255
0.5360 -0.8720 -0.1120 1.0297
0.5360 -0.8720 -0.1120 1.0297
0.5360 -0.8720 -0.1120 1.0297
0.5360 -0.8720 -0.1120 1.0297
0.5360 -0.8720 -0.1120 1.0297
0.5360 -0.8720 -0.1120 1.0297
0.5360 -0.8720 -0.1120 1.0297
0.5360 -0.8720 -0.1120 1.0297
0.5360 -0.8720 -0.1280 1.0315
0.5680 -0.8960 -0.0960 1.0652
0.5680 -0.8960 -0.0960 1.0652
0.5680 -0.8960 -0.0960 1.0652
0.5680 -0.8960 -0.0960 1.0652
0.5680 -0.8960 -0.0960 1.0652
0.5680 -0.8960 -0.0960 1.0652
0.5680 -0.8960 -0.0960 1.0652
0.5680 -0.8960 -0.0960 1.0652
0.5680 -0.8960 -0.0960 1.0652
0.5680 -0.8960 -0.0960 1.0652
0.5680 -0.8960 -0.0960 1.0652
0.5680 -0.8960 -0.0960 1.0652
0.5680 -0.8960 -0.0960 1.0652
0.5680 -0.8960 -0.0720 1.0633
0.5360 -0.8800 -0.1040 1.0356
0.5360 -0.8800 -0.1040 1.0356
0.5360 -0.8800 -0.1040 1.0356
0.5360 -0.8800 -0.1040 1.0356
0.5360 -0.8800 -0.1040 1.0356
0.5360 -0.8800 -0.1040 1.0356
0.5360 -0.8800 -0.1040 1.0356
0.5360 -0.8800 -0.1040 1.0356
0.5360 -0.8800 -0.1200 1.0374
0.5680 -0.8800 -0.1200 1.0542
0.5680 -0.8800 -0.1200 1.0542
0.5680 -0.8800 -0.1200 1.0542
0.5680 -0.8800 -0.1200 1.0542
0.5680 -0.8800 -0.1200 1.0542
0.5680 -0.8800 -0.1200 1.0542
0.5680 -0.8800 -0.1200 1.0542
0.5680 -0.8800 -0.1200 1.0542
0.5680 -0.8800 -0.1040 1.0525
0.5360 -0.8880 -0.0720 1.0397
0.5360 -0.8880 -0.0720 1.0397
0.5360 -0.8880 -0.0720 1.0397
0.5360 -0.8880 -0.0720 1.0397
0.5360 -0.8880 -0.0720 1.0397
0.5360 -0.8880 -0.0720 1.0397
0.5360 -0.8880 -0.0720 1.0397
0.5360 -0.8880 -0.0720 1.0397
0.5360 -0.8880 -0.0720 1.0397
0.5360 -0.8880 -0.0720 1.0397
0.5360 -0.8880 -0.0720 1.0397
0.5360 -0.8880 -0.0720 1.0397
0.5360 -0.8880 -0.0720 1.0397
0.5360 -0.8880 -0.0720 1.0397
0.5360 -0.8880 -0.0720 1.0397
0.5120 -0.8640 -0.0720 1.0069
0.5120 -0.8640 -0.0720 1.0069
0.5120 -0.8640 -0.0720 1.0069
0.5120 -0.8640 -0.0720 1.0069
0.5120 -0.8640 -0.0720 1.0069
0.5120 -0.8640 -0.0720 1.0069
0.5120 -0.8640 -0.0720 1.0069
0.5120 -0.8640 -0.0720 1.0069
0.5120 -0.8640 -0.0800 1.0075
0.5680 -0.8800 -0.1120 1.0534
0.5680 -0.8800 -0.1120 1.0534
0.5680 -0.8800 -0.1120 1.0534
0.5680 -0.8800 -0.1120 1.0534
0.5680 -0.8800 -0.1120 1.0534
0.5680 -0.8800 -0.1120 1.0534
0.5680 -0.8800 -0.1120 1.0534
0.5680 -0.8800 -0.1120 1.0534
0.5680 -0.8800 -0.1200 1.0542
0.5680 -0.8880 -0.0880 1.0578
0.5680 -0.8880 -0.0880 1.0578
0.5680 -0.8880 -0.0880 1.0578
0.5680 -0.8880 -0.0880 1.0578
0.5680 -0.8880 -0.0880 1.0578
0.5680 -0.8880 -0.0720 1.0566
0.5120 -0.8640 -0.0720 1.0069
0.5120 -0.8640 -0.0720 1.0069
0.5120 -0.8640 -0.0720 1.0069
0.5120 -0.8640 -0.0720 1.0069
0.5120 -0.8640 -0.0960 1.0089
0.5680 -0.8800 -0.1280 1.0552
0.5680 -0.8800 -0.1280 1.0552
0.5680 -0.8800 -0.1280 1.0552
0.5680 -0.8800 -0.1280 1.0552
0.5680 -0.8800 -0.1280 1.0552
0.5680 -0.8800 -0.1280 1.0552
0.5680 -0.8800 -0.1280 1.0552
0.5680 -0.8800 -0.1280 1.0552
0.5680 -0.8800 -0.1280 1.0552
0.5680 -0.8720 -0.1280 1.0485
0.5680 -0.8720 -0.1280 1.0485
0.5680 -0.8720 -0.1280 1.0485
0.5680 -0.8720 -0.1280 1.0485
0.5680 -0.8720 -0.1280 1.0485
0.5680 -0.8720 -0.1280 1.0485
0.5680 -0.8720 -0.1280 1.0485
0.5680 -0.8720 -0.1280 1.0485
0.5680 -0.8720 -0.1280 1.0485
0.5440 -0.8640 -0.0960 1.0255
0.5440 -0.8640 -0.0960 1.0255
0.5440 -0.8640 -0.0960 1.0255
0.5440 -0.8640 -0.0960 1.0255
0.5440 -0.8640 -0.0960 1.0255
0.5440 -0.8640 -0.0960 1.0255
0.5440 -0.8640 -0.0960 1.0255
0.5440 -0.8640 -0.0960 1.0255
0.5440 -0.8640 -0.0800 1.0241
0.5360 -0.8720 -0.1120 1.0297
0.5360 -0.8720 -0.1120 1.0297
0.5360 -0.8720 -0.1120 1.0297
0.5360 -0.8720 -0.1120 1.0297
0.5360 -0.8720 -0.1120 1.0297
0.5360 -0.8720 -0.1040 1.0288
0.5360 -0.8800 -0.0720 1.0329
0.5360 -0.8800 -0.0720 1.0329
0.5360 -0.8800 -0.0720 1.0329
0.5360 -0.8800 -0.0720 1.0329
0.5360 -0.8800 -0.0720 1.0329
0.5360 -0.8800 -0.0720 1.0329
0.5360 -0.8800 -0.0720 1.0329
0.5360 -0.8800 -0.0720 1.0329
0.5360 -0.8800 -0.0720 1.0329
0.5360 -0.8880 -0.1040 1.0424
0.5360 -0.8880 -0.1040 1.0424
0.5360 -0.8880 -0.1040 1.0424
0.5360 -0.8880 -0.1040 1.0424
0.5360 -0.8880 -0.1040 1.0424
0.5360 -0.8880 -0.1040 1.0424
0.5360 -0.8880 -0.1040 1.0424
0.5360 -0.8880 -0.1040 1.0424
0.5360 -0.8880 -0.1280 1.0451
0.5440 -0.8560 -0.0960 1.0188
0.5440 -0.8560 -0.0960 1.0188
0.5440 -0.8560 -0.0960 1.0188
0.5440 -0.8560 -0.0960 1.0188
0.5440 -0.8560 -0.0960 1.0188
0.5440 -0.8560 -0.0960 1.0188
0.5440 -0.8560 -0.0960 1.0188
0.5440 -0.8560 -0.0960 1.0188
0.5680 -0.8880 -0.0960 1.0585
0.5680 -0.8880 -0.0960 1.0585
0.5680 -0.8880 -0.0960 1.0585
0.5680 -0.8880 -0.0960 1.0585
0.5680 -0.8880 -0.0960 1.0585
0.5680 -0.8880 -0.0800 1.0572
0.5360 -0.8960 -0.0480 1.0452
0.5360 -0.8960 -0.0480 1.0452
0.5360 -0.8960 -0.0480 1.0452
0.5360 -0.8960 -0.0480 1.0452
0.5360 -0.8960 -0.0480 1.0452
0.5360 -0.8960 -0.0480 1.0452
0.5360 -0.8960 -0.0480 1.0452
0.5360 -0.8960 -0.0480 1.0452
0.5360 -0.8960 -0.0640 1.0460
0.5600 -0.8960 -0.0960 1.0610
0.5600 -0.8960 -0.0960 1.0610
0.5600 -0.8960 -0.0960 1.0610
0.5600 -0.8960 -0.0960 1.0610
0.5600 -0.8960 -0.0960 1.0610
0.5600 -0.8960 -0.0960 1.0610
0.5600 -0.8960 -0.0960 1.0610
0.5600 -0.8960 -0.0960 1.0610
0.5600 -0.8960 -0.0960 1.0610
0.5600 -0.8960 -0.0960 1.0610
0.5600 -0.8720 -0.0960 1.0408
0.5600 -0.8720 -0.0960 1.0408
0.5600 -0.8720 -0.0960 1.0408
0.5600 -0.8720 -0.0960 1.0408
0.5600 -0.8720 -0.0960 1.0408
0.5600 -0.8720 -0.0960 1.0408
0.5600 -0.8720 -0.0880 1.0401
0.5600 -0.8880 -0.0880 1.0535
0.5600 -0.8880 -0.0880 1.0535
0.5600 -0.8880 -0.0880 1.0535
0.5600 -0.8880 -0.0880 1.0535
0.5600 -0.8880 -0.0880 1.0535
0.5600 -0.8880 -0.0880 1.0535
0.5600 -0.8880 -0.0880 1.0535
0.5680 -0.8960 -0.0880 1.0645
0.5680 -0.8960 -0.0880 1.0645
0.5680 -0.8960 -0.0880 1.0645
0.5680 -0.8960 -0.0880 1.0645
0.5680 -0.8960 -0.0880 1.0645
0.5680 -0.8960 -0.0880 1.0645
0.5680 -0.8960 -0.0880 1.0645
0.5680 -0.8960 -0.0880 1.0645
0.5680 -0.8960 -0.0800 1.0639
0.5520 -0.8720 -0.0800 1.0351
0.5520 -0.8720 -0.0800 1.0351
0.5520 -0.8720 -0.0800 1.0351
0.5520 -0.8720 -0.0800 1.0351
0.5520 -0.8720 -0.0800 1.0351
0.5520 -0.8720 -0.0800 1.0351
0.5520 -0.8720 -0.0800 1.0351
0.5520 -0.8720 -0.0800 1.0351
0.5520 -0.8720 -0.0720 1.0345
0.5280 -0.8960 -0.0720 1.0425
0.5280 -0.8960 -0.0720 1.0425
0.5280 -0.8960 -0.0720 1.0425
0.5280 -0.8960 -0.0720 1.0425
0.5280 -0.8960 -0.0720 1.0425
0.5280 -0.8960 -0.0720 1.0425
0.5280 -0.8960 -0.0720 1.0425
0.5280 -0.8960 -0.1040 1.0452
0.5280 -0.8960 -0.1040 1.0452
0.5280 -0.8960 -0.1040 1.0452
0.5280 -0.8960 -0.1040 1.0452
0.5280 -0.8960 -0.1040 1.0452
0.5280 -0.8960 -0.1040 1.0452
0.5280 -0.8960 -0.1040 1.0452
0.5280 -0.8960 -0.1280 1.0478
0.5520 -0.8720 -0.1600 1.0444
0.5520 -0.8720 -0.1600 1.0444
0.5520 -0.8720 -0.1600 1.0444
0.5520 -0.8720 -0.1600 1.0444
0.5520 -0.8720 -0.1600 1.0444
0.5520 -0.8720 -0.1600 1.0444
0.5520 -0.8720 -0.1600 1.0444
0.5520 -0.8720 -0.1600 1.0444
0.5520 -0.8720 -0.1600 1.0444
0.5600 -0.8800 -0.1280 1.0509
0.5600 -0.8800 -0.1280 1.0509
0.5600 -0.8800 -0.1280 1.0509
0.5600 -0.8800 -0.1280 1.0509
0.5600 -0.8800 -0.1280 1.0509
0.5600 -0.8800 -0.1280 1.0509
0.5600 -0.8800 -0.1280 1.0509
0.5600 -0.8800 -0.1280 1.0509
0.5600 -0.8800 -0.1200 1.0500
0.5600 -0.8960 -0.0880 1.0603
0.5600 -0.8960 -0.0880 1.0603
0.5600 -0.8960 -0.0880 1.0603
0.5600 -0.8960 -0.0880 1.0603
0.5600 -0.8960 -0.0880 1.0603
0.5600 -0.8960 -0.0960 1.0610
0.5600 -0.8720 -0.1280 1.0442
0.5600 -0.8720 -0.1280 1.0442
0.5600 -0.8720 -0.1280 1.0442
0.5600 -0.8720 -0.1280 1.0442
0.5600 -0.8720 -0.1040 1.0415
0.5360 -0.8800 -0.1040 1.0356
0.5360 -0.8800 -0.1040 1.0356
0.5360 -0.8800 -0.1040 1.0356
0.5360 -0.8800 -0.1040 1.0356
0.5360 -0.8800 -0.1040 1.0356
0.5360 -0.8800 -0.1040 1.0356
0.5360 -0.8800 -0.1040 1.0356
0.5360 -0.8800 -0.1040 1.0356
0.5360 -0.8800 -0.1040 1.0356
0.5360 -0.8800 -0.1200 1.0374
0.5600 -0.8880 -0.0880 1.0535
0.5600 -0.8880 -0.0880 1.0535
0.5600 -0.8880 -0.0880 1.0535
0.5600 -0.8880 -0.0880 1.0535
0.5600 -0.8880 -0.0880 1.0535
0.5600 -0.8880 -0.0880 1.0535
0.5600 -0.8880 -0.0880 1.0535
0.5600 -0.8880 -0.0880 1.0535
0.5600 -0.8880 -0.0960 1.0542
0.5520 -0.8800 -0.1280 1.0467
0.5520 -0.8800 -0.1280 1.0467
0.5520 -0.8800 -0.1280 1.0467
0.5520 -0.8800 -0.1280 1.0467
0.5520 -0.8800 -0.1280 1.0467
0.5520 -0.8800 -0.1280 1.0467
0.5520 -0.8800 -0.1280 1.0467
0.5520 -0.8800 -0.1280 1.0467
0.5600 -0.8960 -0.0960 1.0610
0.5600 -0.8960 -0.0960 1.0610
0.5600 -0.8960 -0.0960 1.0610
0.5600 -0.8960 -0.0960 1.0610
0.5600 -0.8960 -0.0960 1.0610
0.5600 -0.8960 -0.0720 1.0591
0.5280 -0.8960 -0.0400 1.0408
0.5280 -0.8960 -0.0400 1.0408
0.5280 -0.8960 -0.0400 1.0408
0.5280 -0.8960 -0.0400 1.0408
0.5280 -0.8960 -0.0400 1.0408
0.5280 -0.8960 -0.0400 1.0408
0.5280 -0.8960 -0.0400 1.0408
0.5280 -0.8960 -0.0400 1.0408
0.5280 -0.8960 -0.0480 1.0411
0.5600 -0.8720 -0.0800 1.0394
0.5600 -0.8720 -0.0800 1.0394
0.5600 -0.8720 -0.0800 1.0394
0.5600 -0.8720 -0.0800 1.0394
0.5600 -0.8720 -0.0800 1.0394
0.5600 -0.8720 -0.0800 1.0394
0.5600 -0.8720 -0.0800 1.0394
0.5600 -0.8720 -0.0800 1.0394
0.5600 -0.8720 -0.0960 1.0408
0.5520 -0.8800 -0.0960 1.0432
0.5520 -0.8800 -0.0960 1.0432
0.5520 -0.8800 -0.0960 1.0432
0.5520 -0.8800 -0.0960 1.0432
0.5520 -0.8800 -0.0960 1.0432
0.5520 -0.8800 -0.0960 1.0432
0.5520 -0.8800 -0.0960 1.0432
0.5520 -0.8800 -0.0960 1.0432
0.5600 -0.8880 -0.0960 1.0542
0.5600 -0.8880 -0.0960 1.0542
0.5600 -0.8880 -0.0960 1.0542
0.5600 -0.8880 -0.0960 1.0542
0.5600 -0.8880 -0.0960 1.0542
0.5600 -0.8880 -0.0960 1.0542
0.5600 -0.8880 -0.0880 1.0535
0.5600 -0.8720 -0.1200 1.0433
0.5600 -0.8720 -0.1200 1.0433
0.5600 -0.8720 -0.1200 1.0433
0.5600 -0.8720 -0.1200 1.0433
0.5600 -0.8720 -0.1200 1.0433
0.5600 -0.8720 -0.1200 1.0433
0.5600 -0.8720 -0.1200 1.0433
0.5600 -0.8720 -0.1200 1.0433
0.5600 -0.8720 -0.1200 1.0433
0.5680 -0.8720 -0.1200 1.0476
0.5680 -0.8720 -0.1200 1.0476
0.5680 -0.8720 -0.1200 1.0476
0.5680 -0.8720 -0.1200 1.0476
0.5680 -0.8720 -0.1200 1.0476
0.5680 -0.8720 -0.1200 1.0476
0.5680 -0.8720 -0.1200 1.0476
0.5680 -0.8720 -0.1200 1.0476
0.5680 -0.8720 -0.1280 1.0485
0.5520 -0.8960 -0.0960 1.0568
0.5520 -0.8960 -0.0960 1.0568
0.5520 -0.8960 -0.0960 1.0568
0.5520 -0.8960 -0.0960 1.0568
0.5520 -0.8960 -0.0960 1.0568
0.5520 -0.8960 -0.0960 1.0568
0.5520 -0.8960 -0.0720 1.0548
0.5280 -0.8880 -0.1040 1.0383
0.5280 -0.8880 -0.1040 1.0383
0.5280 -0.8880 -0.1040 1.0383
0.5280 -0.8880 -0.1040 1.0383
0.5280 -0.8880 -0.1040 1.0383
0.5280 -0.8880 -0.1040 1.0383
0.5280 -0.8880 -0.1200 1.0401
0.5520 -0.8960 -0.1200 1.0592
0.5520 -0.8960 -0.1200 1.0592
0.5520 -0.8960 -0.1200 1.0592
0.5520 -0.8960 -0.1200 1.0592
0.5520 -0.8960 -0.1200 1.0592
0.5520 -0.8960 -0.1200 1.0592
0.5520 -0.8960 -0.1200 1.0592
0.5520 -0.8960 -0.1200 1.0592
0.5520 -0.8960 -0.1200 1.0592
0.5520 -0.8960 -0.1280 1.0601
0.5600 -0.8880 -0.0960 1.0542
0.5600 -0.8880 -0.0960 1.0542
0.5600 -0.8880 -0.0960 1.0542
0.5600 -0.8880 -0.0960 1.0542
0.5600 -0.8880 -0.0960 1.0542
0.5600 -0.8880 -0.0960 1.0542
0.5600 -0.8880 -0.0960 1.0542
0.5600 -0.8880 -0.0960 1.0542
0.5600 -0.8880 -0.0720 1.0523
0.5360 -0.8720 -0.1040 1.0288
0.5360 -0.8720 -0.1040 1.0288
0.5360 -0.8720 -0.1040 1.0288
0.5360 -0.8720 -0.1040 1.0288
0.5360 -0.8720 -0.1040 1.0288
0.5360 -0.8720 -0.1280 1.0315
0.5440 -0.8560 -0.0960 1.0188
0.5440 -0.8560 -0.0960 1.0188
0.5440 -0.8560 -0.0960 1.0188
0.5440 -0.8560 -0.0960 1.0188
0.5440 -0.8560 -0.0960 1.0188
0.5440 -0.8560 -0.0960 1.0188
0.5440 -0.8560 -0.0960 1.0188
0.5440 -0.8560 -0.0880 1.0180
0.5520 -0.8800 -0.0880 1.0425
0.5520 -0.8800 -0.0880 1.0425
0.5520 -0.8800 -0.0880 1.0425
0.5520 -0.8800 -0.0880 1.0425
0.5520 -0.8800 -0.0880 1.0425
0.5520 -0.8800 -0.0880 1.0425
0.5520 -0.8800 -0.0880 1.0425
0.5520 -0.8800 -0.0880 1.0425
0.5520 -0.8800 -0.0720 1.0413
0.5280 -0.8800 -0.1040 1.0315
0.5280 -0.8800 -0.1040 1.0315
0.5280 -0.8800 -0.1040 1.0315
0.5280 -0.8800 -0.1040 1.0315
0.5280 -0.8800 -0.1040 1.0315
0.5280 -0.8800 -0.1040 1.0315
0.5280 -0.8800 -0.1040 1.0315
0.5280 -0.8800 -0.1040 1.0315
0.5280 -0.8800 -0.1280 1.0342
0.5680 -0.8960 -0.1280 1.0686
0.5680 -0.8960 -0.1280 1.0686
0.5680 -0.8960 -0.1280 1.0686
0.5680 -0.8960 -0.1280 1.0686
0.5680 -0.8960 -0.1280 1.0686
0.5680 -0.8960 -0.1280 1.0686
0.5680 -0.8720 -0.1280 1.0485
0.5680 -0.8720 -0.1280 1.0485
0.5680 -0.8720 -0.1280 1.0485
0.5680 -0.8720 -0.1280 1.0485
0.5680 -0.8720 -0.1040 1.0459
0.5360 -0.8880 -0.1040 1.0424
0.5360 -0.8880 -0.1040 1.0424
0.5360 -0.8880 -0.1040 1.0424
0.5360 -0.8880 -0.1040 1.0424
0.5360 -0.8880 -0.1040 1.0424
0.5360 -0.8880 -0.1040 1.0424
0.5360 -0.8880 -0.1040 1.0424
0.5360 -0.8880 -0.1040 1.0424
0.5360 -0.8880 -0.1040 1.0424
0.5360 -0.8880 -0.1040 1.0424
0.5360 -0.8960 -0.1040 1.0493
0.5360 -0.8960 -0.1040 1.0493
0.5360 -0.8960 -0.1040 1.0493
0.5360 -0.8960 -0.1040 1.0493
0.5360 -0.8960 -0.1040 1.0493
0.5360 -0.8960 -0.1040 1.0493
0.5360 -0.8960 -0.1040 1.0493
0.5360 -0.8960 -0.1040 1.0493
0.5360 -0.8960 -0.1040 1.0493
0.5360 -0.8720 -0.1360 1.0326
0.5360 -0.8720 -0.1360 1.0326
0.5360 -0.8720 -0.1360 1.0326
0.5360 -0.8720 -0.1360 1.0326
0.5360 -0.8720 -0.1360 1.0326
0.5360 -0.8720 -0.1360 1.0326
0.5360 -0.8720 -0.1360 1.0326
0.5360 -0.8720 -0.1600 1.0360
0.5680 -0.8720 -0.1280 1.0485
0.5680 -0.8720 -0.1280 1.0485
0.5680 -0.8720 -0.1280 1.0485
0.5680 -0.8720 -0.1280 1.0485
0.5680 -0.8720 -0.1280 1.0485
0.5680 -0.8720 -0.1280 1.0485
0.5680 -0.8720 -0.1600 1.0529
0.5680 -0.8720 -0.1600 1.0529
0.5680 -0.8720 -0.1600 1.0529
0.5680 -0.8720 -0.1600 1.0529
0.5680 -0.8720 -0.1600 1.0529
0.5680 -0.8720 -0.1600 1.0529
0.5680 -0.8720 -0.1600 1.0529
0.5680 -0.8720 -0.1600 1.0529
0.5680 -0.8720 -0.1360 1.0495
0.5200 -0.8880 -0.0720 1.0316
0.5200 -0.8880 -0.0720 1.0316
0.5200 -0.8880 -0.0720 1.0316
0.5200 -0.8880 -0.0720 1.0316
0.5200 -0.8880 -0.0720 1.0316
0.5200 -0.8880 -0.0720 1.0316
0.5200 -0.8880 -0.0720 1.0316
0.5200 -0.8880 -0.0720 1.0316
0.5200 -0.8880 -0.0720 1.0316
0.5360 -0.8720 -0.1360 1.0326
0.5360 -0.8720 -0.1360 1.0326
0.5360 -0.8720 -0.1360 1.0326
0.5360 -0.8720 -0.1360 1.0326
0.5360 -0.8720 -0.1360 1.0326
0.5360 -0.8720 -0.1360 1.0326
0.5360 -0.8720 -0.1360 1.0326
0.5360 -0.8720 -0.1360 1.0326
0.5360 -0.8880 -0.1040 1.0424
0.5360 -0.8880 -0.1040 1.0424
0.5360 -0.8880 -0.1040 1.0424
0.5360 -0.8880 -0.1040 1.0424
0.5360 -0.8880 -0.1040 1.0424
0.5360 -0.8880 -0.1040 1.0424
0.5360 -0.8880 -0.1200 1.0441
0.5360 -0.8880 -0.1200 1.0441
0.5360 -0.8880 -0.1200 1.0441
0.5360 -0.8880 -0.1200 1.0441
0.5360 -0.8880 -0.1200 1.0441
0.5360 -0.8880 -0.1200 1.0441
0.5360 -0.8880 -0.1200 1.0441
0.5360 -0.8880 -0.1200 1.0441
0.5360 -0.8880 -0.1200 1.0441
0.5360 -0.8880 -0.1200 1.0441
0.5440 -0.8560 -0.1200 1.0213
0.5440 -0.8560 -0.1200 1.0213
0.5440 -0.8560 -0.1200 1.0213
0.5440 -0.8560 -0.1200 1.0213
0.5440 -0.8560 -0.1200 1.0213
0.5440 -0.8560 -0.1200 1.0213
0.5440 -0.8560 -0.1200 1.0213
0.5440 -0.8560 -0.1200 1.0213
0.5440 -0.8560 -0.1120 1.0204
0.5600 -0.8960 -0.0800 1.0596
0.5600 -0.8960 -0.0800 1.0596
0.5600 -0.8960 -0.0800 1.0596
0.5600 -0.8960 -0.0800 1.0596
0.5600 -0.8960 -0.0800 1.0596
0.5600 -0.8960 -0.0800 1.0596
0.5600 -0.8960 -0.0880 1.0603
0.5600 -0.8800 -0.1200 1.0500
0.5600 -0.8800 -0.1200 1.0500
0.5600 -0.8800 -0.1200 1.0500
0.5600 -0.8800 -0.1200 1.0500
0.5600 -0.8800 -0.1200 1.0500
0.5600 -0.8800 -0.1200 1.0500
0.5600 -0.8800 -0.1200 1.0500
0.5600 -0.8800 -0.1120 1.0491
0.5360 -0.8800 -0.1120 1.0365
0.5360 -0.8800 -0.1120 1.0365
0.5360 -0.8800 -0.1120 1.0365
0.5360 -0.8800 -0.1120 1.0365
0.5360 -0.8800 -0.1120 1.0365
0.5360 -0.8800 -0.1120 1.0365
0.5360 -0.8800 -0.1120 1.0365
0.5360 -0.8800 -0.1120 1.0365
0.5360 -0.8800 -0.1280 1.0383
0.5680 -0.8720 -0.1280 1.0485
0.5680 -0.8720 -0.1280 1.0485
0.5680 -0.8720 -0.1280 1.0485
0.5680 -0.8720 -0.1280 1.0485
0.5680 -0.8720 -0.1280 1.0485
0.5680 -0.8720 -0.1280 1.0485
0.5680 -0.8720 -0.1280 1.0485
0.5680 -0.8720 -0.1280 1.0485
0.5680 -0.8720 -0.1280 1.0485
0.5680 -0.8960 -0.0960 1.0652
0.5680 -0.8960 -0.0960 1.0652
0.5680 -0.8960 -0.0960 1.0652
0.5680 -0.8960 -0.0960 1.0652
0.5680 -0.8960 -0.0960 1.0652
0.5680 -0.8960 -0.0880 1.0645
0.5440 -0.8560 -0.0880 1.0180
0.5440 -0.8560 -0.0880 1.0180
0.5440 -0.8560 -0.0880 1.0180
0.5440 -0.8560 -0.0880 1.0180
0.5440 -0.8560 -0.0880 1.0180
0.5440 -0.8560 -0.0880 1.0180
0.5440 -0.8560 -0.0880 1.0180
0.5440 -0.8560 -0.0960 1.0188
0.5600 -0.8880 -0.0640 1.0518
0.5600 -0.8880 -0.0640 1.0518
0.5600 -0.8880 -0.0640 1.0518
0.5600 -0.8880 -0.0640 1.0518
0.5600 -0.8880 -0.0640 1.0518
0.5600 -0.8880 -0.0640 1.0518
0.5600 -0.8880 -0.0640 1.0518
0.5600 -0.8880 -0.0640 1.0518
0.5600 -0.8880 -0.0400 1.0506
0.5360 -0.8880 -0.0720 1.0397
0.5360 -0.8880 -0.0720 1.0397
0.5360 -0.8880 -0.0720 1.0397
0.5360 -0.8880 -0.0720 1.0397
0.5360 -0.8880 -0.0720 1.0397
0.5360 -0.8880 -0.0720 1.0397
0.5360 -0.8880 -0.0720 1.0397
0.5360 -0.8880 -0.0720 1.0397
0.5360 -0.8880 -0.0960 1.0417
0.5680 -0.8720 -0.1280 1.0485
0.5680 -0.8720 -0.1280 1.0485
0.5680 -0.8720 -0.1280 1.0485
0.5680 -0.8720 -0.1280 1.0485
0.5680 -0.8720 -0.1280 1.0485
0.5680 -0.8720 -0.1200 1.0476
0.5600 -0.8960 -0.0880 1.0603
0.5600 -0.8960 -0.0880 1.0603
0.5600 -0.8960 -0.0880 1.0603
0.5600 -0.8960 -0.0880 1.0603
0.5600 -0.8960 -0.0880 1.0603
0.5600 -0.8960 -0.0800 1.0596
0.5600 -0.8720 -0.1440 1.0463
0.5600 -0.8720 -0.1440 1.0463
0.5600 -0.8720 -0.1440 1.0463
0.5600 -0.8720 -0.1440 1.0463
0.5600 -0.8720 -0.1440 1.0463
0.5600 -0.8720 -0.1440 1.0463
0.5600 -0.8720 -0.1440 1.0463
0.5600 -0.8720 -0.1440 1.0463
0.5600 -0.8720 -0.1520 1.0474
0.5600 -0.8880 -0.1200 1.0567
0.5600 -0.8880 -0.1200 1.0567
0.5600 -0.8880 -0.1200 1.0567
0.5600 -0.8880 -0.1200 1.0567
0.5600 -0.8880 -0.1200 1.0567
0.5600 -0.8880 -0.1200 1.0567
0.5600 -0.8880 -0.1200 1.0567
0.5600 -0.8880 -0.1200 1.0567
0.5600 -0.8880 -0.1200 1.0567
0.5600 -0.8960 -0.1200 1.0634
0.5600 -0.8960 -0.1200 1.0634
0.5600 -0.8960 -0.1200 1.0634
0.5600 -0.8960 -0.1200 1.0634
0.5600 -0.8960 -0.1200 1.0634
0.5600 -0.8960 -0.1200 1.0634
0.5600 -0.8960 -0.1200 1.0634
0.5600 -0.8960 -0.1200 1.0634
0.5680 -0.8800 -0.1200 1.0542
0.5680 -0.8800 -0.1200 1.0542
0.5680 -0.8800 -0.1200 1.0542
0.5680 -0.8800 -0.1200 1.0542
0.5680 -0.8800 -0.1200 1.0542
0.5680 -0.8800 -0.1040 1.0525
0.5360 -0.8960 -0.1040 1.0493
0.5360 -0.8960 -0.1040 1.0493
0.5360 -0.8960 -0.1040 1.0493
0.5360 -0.8960 -0.1040 1.0493
0.5360 -0.8960 -0.1040 1.0493
0.5360 -0.8960 -0.1040 1.0493
0.5360 -0.8960 -0.1040 1.0493
0.5360 -0.8960 -0.1040 1.0493
0.5360 -0.8960 -0.1040 1.0493
0.5360 -0.8960 -0.1200 1.0510
0.5680 -0.8880 -0.1200 1.0609
0.5680 -0.8880 -0.1200 1.0609
0.5680 -0.8880 -0.1200 1.0609
0.5680 -0.8880 -0.1200 1.0609
0.5680 -0.8880 -0.1200 1.0609
0.5680 -0.8880 -0.1200 1.0609
0.5680 -0.8880 -0.1200 1.0609
0.5680 -0.8880 -0.1200 1.0609
0.5680 -0.8880 -0.1040 1.0592
0.5280 -0.8800 -0.1040 1.0315
0.5280 -0.8800 -0.1040 1.0315
0.5280 -0.8800 -0.1040 1.0315
0.5280 -0.8800 -0.1040 1.0315
0.5280 -0.8800 -0.1040 1.0315
0.5280 -0.8800 -0.1040 1.0315
0.5280 -0.8800 -0.1040 1.0315
0.5200 -0.8720 -0.1040 1.0206
0.5200 -0.8720 -0.1040 1.0206
0.5200 -0.8720 -0.1040 1.0206
0.5200 -0.8720 -0.1040 1.0206
0.5200 -0.8720 -0.1040 1.0206
0.5200 -0.8720 -0.1040 1.0206
0.5200 -0.8720 -0.1040 1.0206
0.5200 -0.8880 -0.1040 1.0343
0.5200 -0.8880 -0.1040 1.0343
0.5200 -0.8880 -0.1040 1.0343
0.5200 -0.8880 -0.1040 1.0343
0.5200 -0.8880 -0.1040 1.0343
0.5200 -0.8880 -0.1040 1.0343
0.5200 -0.8880 -0.1040 1.0343
0.5200 -0.8880 -0.1040 1.0343
0.5200 -0.8880 -0.1120 1.0351
0.5280 -0.8880 -0.0800 1.0362
0.5280 -0.8880 -0.0800 1.0362
0.5280 -0.8880 -0.0800 1.0362
0.5280 -0.8880 -0.0800 1.0362
0.5280 -0.8880 -0.0800 1.0362
0.5280 -0.8880 -0.0800 1.0362
0.5280 -0.8880 -0.0800 1.0362
0.5280 -0.8880 -0.0800 1.0362
0.5280 -0.8880 -0.0720 1.0356
0.5360 -0.8720 -0.1040 1.0288
0.5360 -0.8720 -0.1040 1.0288
0.5360 -0.8720 -0.1040 1.0288
0.5360 -0.8720 -0.1040 1.0288
0.5360 -0.8720 -0.1040 1.0288
0.5360 -0.8720 -0.1040 1.0288
0.5360 -0.8720 -0.1120 1.0297
0.5280 -0.8720 -0.1120 1.0255
0.5280 -0.8720 -0.1120 1.0255
0.5280 -0.8720 -0.1120 1.0255
0.5280 -0.8720 -0.1120 1.0255
0.5280 -0.8720 -0.1120 1.0255
0.5280 -0.8720 -0.1120 1.0255
0.5280 -0.8720 -0.1120 1.0255
0.5280 -0.8720 -0.1200 1.0264
0.5680 -0.8720 -0.0880 1.0444
0.5680 -0.8720 -0.0880 1.0444
0.5680 -0.8720 -0.0880 1.0444
0.5680 -0.8720 -0.0880 1.0444
0.5680 -0.8720 -0.0880 1.0444
0.5680 -0.8720 -0.0880 1.0444
0.5680 -0.8720 -0.0880 1.0444
0.5680 -0.8720 -0.0880 1.0444
0.5680 -0.8720 -0.0960 1.0451
0.5680 -0.8880 -0.1280 1.0619
0.5680 -0.8880 -0.1280 1.0619
0.5680 -0.8880 -0.1280 1.0619
0.5680 -0.8880 -0.1280 1.0619
0.5680 -0.8880 -0.1280 1.0619
0.5680 -0.8880 -0.1280 1.0619
0.5680 -0.8880 -0.1280 1.0619
0.5680 -0.8880 -0.1280 1.0619
0.5680 -0.8880 -0.1120 1.0601
0.5600 -0.8800 -0.1120 1.0491
0.5600 -0.8800 -0.1120 1.0491
0.5600 -0.8800 -0.1120 1.0491
0.5600 -0.8800 -0.1120 1.0491
0.5600 -0.8800 -0.1120 1.0491
0.5600 -0.8800 -0.1280 1.0509
0.5440 -0.8560 -0.0960 1.0188
0.5440 -0.8560 -0.0960 1.0188
0.5440 -0.8560 -0.0960 1.0188
0.5440 -0.8560 -0.0960 1.0188
0.5440 -0.8560 -0.0720 1.0168
0.5120 -0.8560 -0.0400 0.9982
0.5120 -0.8560 -0.0400 0.9982
0.5120 -0.8560 -0.0400 0.9982
0.5120 -0.8560 -0.0400 0.9982
0.5120 -0.8560 -0.0400 0.9982
0.5120 -0.8560 -0.0400 0.9982
0.5120 -0.8560 -0.0400 0.9982
0.5120 -0.8560 -0.0400 0.9982
0.5120 -0.8560 -0.0400 0.9982
0.5120 -0.8480 -0.1040 0.9960
0.5120 -0.8480 -0.1040 0.9960
0.5120 -0.8480 -0.1040 0.9960
0.5120 -0.8480 -0.1040 0.9960
0.5120 -0.8480 -0.1040 0.9960
0.5120 -0.8480 -0.1040 0.9960
0.5120 -0.8480 -0.1040 0.9960
0.5120 -0.8480 -0.1040 0.9960
0.5120 -0.8480 -0.1040 0.9960
0.5120 -0.8480 -0.1280 0.9988
0.5600 -0.8960 -0.0960 1.0610
0.5600 -0.8960 -0.0960 1.0610
0.5600 -0.8960 -0.0960 1.0610
0.5600 -0.8960 -0.0960 1.0610
0.5600 -0.8960 -0.0960 1.0610
0.5600 -0.8960 -0.0960 1.0610
0.5600 -0.8960 -0.0960 1.0610
0.5600 -0.8960 -0.0720 1.0591
0.5360 -0.8720 -0.1040 1.0288
0.5360 -0.8720 -0.1040 1.0288
0.5360 -0.8720 -0.1040 1.0288
0.5360 -0.8720 -0.1040 1.0288
0.5360 -0.8720 -0.1040 1.0288
0.5360 -0.8720 -0.1280 1.0315
0.5680 -0.8720 -0.1280 1.0485
0.5680 -0.8720 -0.1280 1.0485
0.5680 -0.8720 -0.1280 1.0485
0.5680 -0.8720 -0.1280 1.0485
0.5680 -0.8720 -0.1280 1.0485
0.5680 -0.8720 -0.1280 1.0485
0.5680 -0.8720 -0.1280 1.0485
0.5680 -0.8720 -0.1280 1.0485
0.5680 -0.8720 -0.1200 1.0476
0.5680 -0.8880 -0.0880 1.0578
0.5680 -0.8880 -0.0880 1.0578
0.5680 -0.8880 -0.0880 1.0578
0.5680 -0.8880 -0.0880 1.0578
0.5680 -0.8880 -0.0880 1.0578
0.5680 -0.8880 -0.0880 1.0578
0.5680 -0.8880 -0.0880 1.0578
0.5680 -0.8880 -0.0880 1.0578
0.5680 -0.8880 -0.0960 1.0585
0.5680 -0.8960 -0.0960 1.0652
0.5680 -0.8960 -0.0960 1.0652
0.5680 -0.8960 -0.0960 1.0652
0.5680 -0.8960 -0.0960 1.0652
0.5680 -0.8960 -0.0960 1.0652
0.5680 -0.8960 -0.0960 1.0652
0.5680 -0.8960 -0.0960 1.0652
0.5680 -0.8960 -0.0960 1.0652
0.5680 -0.8960 -0.0960 1.0652
0.5680 -0.8960 -0.0960 1.0652
0.5680 -0.8960 -0.0960 1.0652
0.5680 -0.8960 -0.0960 1.0652
0.5680 -0.8960 -0.0960 1.0652
0.5680 -0.8960 -0.0960 1.0652
0.5680 -0.8960 -0.0720 1.0633
0.5280 -0.8800 -0.1040 1.0315
0.5280 -0.8800 -0.1040 1.0315
0.5280 -0.8800 -0.1040 1.0315
0.5280 -0.8800 -0.1040 1.0315
0.5280 -0.8800 -0.1040 1.0315
0.5280 -0.8800 -0.1040 1.0315
0.5280 -0.8800 -0.1040 1.0315
0.5280 -0.8800 -0.1040 1.0315
0.5280 -0.8800 -0.1040 1.0315
0.5120 -0.8400 -0.1040 0.9892
0.5120 -0.8400 -0.1040 0.9892
0.5120 -0.8400 -0.1040 0.9892
0.5120 -0.8400 -0.1040 0.9892
0.5120 -0.8400 -0.1040 0.9892
0.5120 -0.8400 -0.1040 0.9892
0.5120 -0.8400 -0.1040 0.9892
0.5120 -0.8400 -0.1040 0.9892
0.5120 -0.8400 -0.1040 0.9892
0.5120 -0.8640 -0.1040 1.0097
0.5120 -0.8640 -0.1040 1.0097
0.5120 -0.8640 -0.1040 1.0097
0.5120 -0.8640 -0.1040 1.0097
0.5120 -0.8640 -0.1040 1.0097
0.5120 -0.8640 -0.1040 1.0097
0.5120 -0.8640 -0.1120 1.0105
0.5360 -0.8720 -0.1120 1.0297
0.5360 -0.8720 -0.1120 1.0297
0.5360 -0.8720 -0.1120 1.0297
0.5360 -0.8720 -0.1120 1.0297
0.5360 -0.8720 -0.1120 1.0297
0.5360 -0.8720 -0.1120 1.0297
0.5360 -0.8720 -0.1280 1.0315
0.5600 -0.8720 -0.1280 1.0442
0.5600 -0.8720 -0.1280 1.0442
0.5600 -0.8720 -0.1280 1.0442
0.5600 -0.8720 -0.1280 1.0442
0.5600 -0.8720 -0.1280 1.0442
0.5600 -0.8720 -0.1280 1.0442
0.5600 -0.8720 -0.1280 1.0442
0.5600 -0.8720 -0.1280 1.0442
0.5600 -0.8720 -0.1280 1.0442
0.5600 -0.8720 -0.1040 1.0415
0.5360 -0.8800 -0.0720 1.0329
0.5360 -0.8800 -0.0720 1.0329
0.5360 -0.8800 -0.0720 1.0329
0.5360 -0.8800 -0.0720 1.0329
0.5360 -0.8800 -0.0720 1.0329
0.5360 -0.8800 -0.0720 1.0329
0.5360 -0.8800 -0.0720 1.0329
0.5360 -0.8800 -0.0720 1.0329
0.5360 -0.8800 -0.0880 1.0341
0.5680 -0.8800 -0.1200 1.0542
0.5680 -0.8800 -0.1200 1.0542
0.5680 -0.8800 -0.1200 1.0542
0.5680 -0.8800 -0.1200 1.0542
0.5680 -0.8800 -0.1200 1.0542
0.5680 -0.8800 -0.1200 1.0542
0.5600 -0.8880 -0.0880 1.0535
0.5600 -0.8880 -0.0880 1.0535
0.5600 -0.8880 -0.0880 1.0535
0.5600 -0.8880 -0.0880 1.0535
0.5600 -0.8880 -0.0880 1.0535
0.5600 -0.8880 -0.0880 1.0535
0.5600 -0.8880 -0.0880 1.0535
0.5600 -0.8880 -0.0960 1.0542
0.5600 -0.8720 -0.1280 1.0442
0.5600 -0.8720 -0.1280 1.0442
0.5600 -0.8720 -0.1280 1.0442
0.5600 -0.8720 -0.1280 1.0442
0.5600 -0.8720 -0.1280 1.0442
0.5600 -0.8720 -0.1280 1.0442
0.5600 -0.8720 -0.1280 1.0442
0.5600 -0.8720 -0.1280 1.0442
0.5600 -0.8720 -0.1120 1.0424
0.5200 -0.8960 -0.1120 1.0420
0.5200 -0.8960 -0.1120 1.0420
0.5200 -0.8960 -0.1120 1.0420
0.5200 -0.8960 -0.1120 1.0420
0.5200 -0.8960 -0.1120 1.0420
0.5200 -0.8960 -0.1120 1.0420
0.5200 -0.8960 -0.1120 1.0420
0.5200 -0.8960 -0.1120 1.0420
0.5200 -0.8960 -0.1200 1.0429
0.5600 -0.8800 -0.1200 1.0500
0.5600 -0.8800 -0.1200 1.0500
0.5600 -0.8800 -0.1200 1.0500
0.5600 -0.8800 -0.1200 1.0500
0.5600 -0.8800 -0.1200 1.0500
0.5600 -0.8800 -0.1280 1.0509
0.5520 -0.8800 -0.1280 1.0467
0.5520 -0.8800 -0.1280 1.0467
0.5520 -0.8800 -0.1280 1.0467
0.5520 -0.8800 -0.1280 1.0467
0.5520 -0.8800 -0.1280 1.0467
0.5520 -0.8800 -0.1200 1.0457
0.5600 -0.8720 -0.1520 1.0474
0.5600 -0.8720 -0.1520 1.0474
0.5600 -0.8720 -0.1520 1.0474
0.5600 -0.8720 -0.1520 1.0474
0.5600 -0.8720 -0.1520 1.0474
0.5600 -0.8720 -0.1520 1.0474
0.5600 -0.8720 -0.1520 1.0474
0.5600 -0.8720 -0.1520 1.0474
0.5600 -0.8720 -0.1600 1.0486
0.5600 -0.8800 -0.1600 1.0553
0.5600 -0.8800 -0.1600 1.0553
0.5600 -0.8800 -0.1600 1.0553
0.5600 -0.8800 -0.1600 1.0553
0.5600 -0.8800 -0.1600 1.0553
0.5600 -0.8800 -0.1600 1.0553
0.5600 -0.8800 -0.1600 1.0553
0.5600 -0.8800 -0.1600 1.0553
0.5600 -0.8800 -0.1520 1.0541
0.5680 -0.8720 -0.1200 1.0476
0.5680 -0.8720 -0.1200 1.0476
0.5680 -0.8720 -0.1200 1.0476
0.5680 -0.8720 -0.1200 1.0476
0.5680 -0.8720 -0.1200 1.0476
0.5680 -0.8720 -0.1200 1.0476
0.5680 -0.8720 -0.1200 1.0476
0.5680 -0.8720 -0.1280 1.0485
0.5600 -0.8720 -0.1280 1.0442
0.5600 -0.8720 -0.1280 1.0442
0.5600 -0.8720 -0.1280 1.0442
0.5600 -0.8720 -0.1280 1.0442
0.5600 -0.8720 -0.1280 1.0442
0.5600 -0.8720 -0.1280 1.0442
0.5440 -0.8640 -0.0960 1.0255
0.5440 -0.8640 -0.0960 1.0255
0.5440 -0.8640 -0.0960 1.0255
0.5440 -0.8640 -0.0960 1.0255
0.5440 -0.8640 -0.0960 1.0255
0.5440 -0.8640 -0.0960 1.0255
0.5440 -0.8640 -0.0960 1.0255
0.5440 -0.8640 -0.0960 1.0255
0.5440 -0.8640 -0.0960 1.0255
0.5600 -0.8800 -0.1280 1.0509
0.5600 -0.8800 -0.1280 1.0509
0.5600 -0.8800 -0.1280 1.0509
0.5600 -0.8800 -0.1280 1.0509
0.5600 -0.8800 -0.1280 1.0509
0.5600 -0.8800 -0.1280 1.0509
0.5600 -0.8800 -0.1280 1.0509
0.5600 -0.8800 -0.1280 1.0509
0.5600 -0.8800 -0.1280 1.0509
0.5600 -0.8800 -0.1280 1.0509
0.5600 -0.8880 -0.0960 1.0542
0.5600 -0.8880 -0.0960 1.0542
0.5600 -0.8880 -0.0960 1.0542
0.5600 -0.8880 -0.0960 1.0542
0.5600 -0.8880 -0.0960 1.0542
0.5600 -0.8880 -0.0960 1.0542
0.5600 -0.8880 -0.0720 1.0523
0.5280 -0.8880 -0.0720 1.0356
0.5280 -0.8880 -0.0720 1.0356
0.5280 -0.8880 -0.0720 1.0356
0.5280 -0.8880 -0.0720 1.0356
0.5280 -0.8880 -0.0720 1.0356
0.5280 -0.8880 -0.0720 1.0356
0.5280 -0.8880 -0.0720 1.0356
0.5280 -0.8880 -0.1040 1.0383
0.5280 -0.8880 -0.1040 1.0383
0.5280 -0.8880 -0.1040 1.0383
0.5280 -0.8880 -0.1040 1.0383
0.5280 -0.8880 -0.1040 1.0383
0.5280 -0.8880 -0.1040 1.0383
0.5280 -0.8880 -0.1040 1.0383
0.5280 -0.8880 -0.1040 1.0383
0.5280 -0.8880 -0.1120 1.0392
0.5280 -0.8800 -0.1120 1.0323
0.5280 -0.8800 -0.1120 1.0323
0.5280 -0.8800 -0.1120 1.0323
0.5280 -0.8800 -0.1120 1.0323
0.5280 -0.8800 -0.1120 1.0323
0.5280 -0.8800 -0.1120 1.0323
0.5280 -0.8800 -0.1120 1.0323
0.5280 -0.8800 -0.1120 1.0323
0.5280 -0.8800 -0.1040 1.0315
0.5280 -0.8960 -0.0400 1.0408
0.5280 -0.8960 -0.0400 1.0408
0.5280 -0.8960 -0.0400 1.0408
0.5280 -0.8960 -0.0400 1.0408
0.5280 -0.8960 -0.0400 1.0408
0.5280 -0.8960 -0.0400 1.0408
0.5280 -0.8960 -0.0640 1.0420
0.5600 -0.8800 -0.0960 1.0475
0.5600 -0.8800 -0.0960 1.0475
0.5600 -0.8800 -0.0960 1.0475
0.5600 -0.8800 -0.0960 1.0475
0.5600 -0.8800 -0.0960 1.0475
0.5600 -0.8800 -0.0960 1.0475
0.5600 -0.8800 -0.0720 1.0456
0.5280 -0.8880 -0.0720 1.0356
0.5280 -0.8880 -0.0720 1.0356
0.5280 -0.8880 -0.0720 1.0356
0.5280 -0.8880 -0.0720 1.0356
0.5280 -0.8880 -0.0720 1.0356
0.5280 -0.8880 -0.0720 1.0356
0.5280 -0.8880 -0.0720 1.0356
0.5280 -0.8880 -0.0720 1.0356
0.5280 -0.8880 -0.0720 1.0356
0.5280 -0.8880 -0.0880 1.0369
0.5600 -0.8960 -0.0560 1.0581
0.5600 -0.8960 -0.0560 1.0581
0.5600 -0.8960 -0.0560 1.0581
0.5600 -0.8960 -0.0560 1.0581
0.5600 -0.8960 -0.0560 1.0581
0.5600 -0.8960 -0.0560 1.0581
0.5600 -0.8960 -0.0560 1.0581
0.5600 -0.8960 -0.0560 1.0581
0.5600 -0.8960 -0.0400 1.0574
0.5360 -0.8960 -0.0720 1.0466
0.5360 -0.8960 -0.0720 1.0466
0.5360 -0.8960 -0.0720 1.0466
0.5360 -0.8960 -0.0720 1.0466
0.5360 -0.8960 -0.0720 1.0466
0.5360 -0.8960 -0.0880 1.0478
0.5360 -0.8960 -0.0880 1.0478
0.5360 -0.8960 -0.0880 1.0478
0.5360 -0.8960 -0.0880 1.0478
0.5360 -0.8960 -0.0880 1.0478
0.5360 -0.8960 -0.0720 1.0466
0.5040 -0.8960 -0.0720 1.0305
0.5040 -0.8960 -0.0720 1.0305
0.5040 -0.8960 -0.0720 1.0305
0.5040 -0.8960 -0.0720 1.0305
0.5040 -0.8960 -0.0720 1.0305
0.5040 -0.8960 -0.0720 1.0305
0.5040 -0.8960 -0.0720 1.0305
0.5040 -0.8960 -0.0720 1.0305
0.5040 -0.8960 -0.0800 1.0311
0.5360 -0.8800 -0.1120 1.0365
0.5360 -0.8800 -0.1120 1.0365
0.5360 -0.8800 -0.1120 1.0365
0.5360 -0.8800 -0.1120 1.0365
0.5360 -0.8800 -0.1120 1.0365
0.5360 -0.8800 -0.1120 1.0365
0.5360 -0.8800 -0.1120 1.0365
0.5360 -0.8800 -0.1120 1.0365
0.5360 -0.8800 -0.1120 1.0365
0.5360 -0.8800 -0.1280 1.0383
0.5600 -0.8800 -0.1280 1.0509
0.5600 -0.8800 -0.1280 1.0509
0.5600 -0.8800 -0.1280 1.0509
0.5600 -0.8800 -0.1280 1.0509
0.5600 -0.8800 -0.1280 1.0509
0.5600 -0.8800 -0.1280 1.0509
0.5600 -0.8800 -0.1280 1.0509
0.5600 -0.8800 -0.1040 1.0482
0.5280 -0.8880 -0.1040 1.0383
0.5280 -0.8880 -0.1040 1.0383
0.5280 -0.8880 -0.1040 1.0383
0.5280 -0.8880 -0.1040 1.0383
0.5280 -0.8880 -0.1040 1.0383
0.5280 -0.8880 -0.1280 1.0410
0.5600 -0.8800 -0.1600 1.0553
0.5600 -0.8800 -0.1600 1.0553
0.5600 -0.8800 -0.1600 1.0553
0.5600 -0.8800 -0.1600 1.0553
0.5600 -0.8800 -0.1600 1.0553
0.5600 -0.8800 -0.1600 1.0553
0.5600 -0.8800 -0.1600 1.0553
0.5600 -0.8800 -0.1600 1.0553
0.5600 -0.8800 -0.1360 1.0519
0.5120 -0.8400 -0.1040 0.9892
0.5120 -0.8400 -0.1040 0.9892
0.5120 -0.8400 -0.1040 0.9892
0.5120 -0.8400 -0.1040 0.9892
0.5120 -0.8400 -0.1040 0.9892
0.5120 -0.8400 -0.1040 0.9892
0.5120 -0.8400 -0.1040 0.9892
0.5120 -0.8400 -0.1040 0.9892
0.5120 -0.8400 -0.1040 0.9892
0.5200 -0.8800 -0.0720 1.0247
0.5200 -0.8800 -0.0720 1.0247
0.5200 -0.8800 -0.0720 1.0247
0.5200 -0.8800 -0.0720 1.0247
0.5200 -0.8800 -0.0720 1.0247
0.5200 -0.8800 -0.0720 1.0247
0.5200 -0.8800 -0.0720 1.0247
0.5200 -0.8800 -0.0720 1.0247
0.5280 -0.8880 -0.0720 1.0356
0.5280 -0.8880 -0.0720 1.0356
0.5280 -0.8880 -0.0720 1.0356
0.5280 -0.8880 -0.0720 1.0356
0.5280 -0.8880 -0.0720 1.0356
0.5280 -0.8880 -0.0720 1.0356
0.5280 -0.8880 -0.0880 1.0369
0.5600 -0.8720 -0.1200 1.0433
0.5600 -0.8720 -0.1200 1.0433
0.5600 -0.8720 -0.1200 1.0433
0.5600 -0.8720 -0.1200 1.0433
0.5600 -0.8720 -0.1200 1.0433
0.5600 -0.8720 -0.1200 1.0433
0.5600 -0.8720 -0.1200 1.0433
0.5600 -0.8720 -0.1200 1.0433
0.5600 -0.8720 -0.1280 1.0442
0.5680 -0.8960 -0.0960 1.0652
0.5680 -0.8960 -0.0960 1.0652
0.5680 -0.8960 -0.0960 1.0652
0.5680 -0.8960 -0.0960 1.0652
0.5680 -0.8960 -0.0960 1.0652
0.5680 -0.8960 -0.0960 1.0652
0.5680 -0.8960 -0.0960 1.0652
0.5680 -0.8960 -0.0960 1.0652
0.5680 -0.8960 -0.0800 1.0639
0.5360 -0.8880 -0.1120 1.0433
0.5360 -0.8880 -0.1120 1.0433
0.5360 -0.8880 -0.1120 1.0433
0.5360 -0.8880 -0.1120 1.0433
0.5360 -0.8880 -0.1120 1.0433
0.5360 -0.8880 -0.1120 1.0433
0.5360 -0.8880 -0.1120 1.0433
0.5360 -0.8800 -0.1120 1.0365
0.5360 -0.8800 -0.1120 1.0365
0.5360 -0.8800 -0.1120 1.0365
0.5360 -0.8800 -0.1120 1.0365
0.5360 -0.8800 -0.1120 1.0365
0.5360 -0.8800 -0.1120 1.0365
0.5360 -0.8800 -0.1200 1.0374
0.5280 -0.8800 -0.1200 1.0332
0.5280 -0.8800 -0.1200 1.0332
0.5280 -0.8800 -0.1200 1.0332
0.5280 -0.8800 -0.1200 1.0332
0.5280 -0.8800 -0.1200 1.0332
0.5280 -0.8800 -0.1200 1.0332
0.5280 -0.8800 -0.1200 1.0332
0.5280 -0.8800 -0.1200 1.0332
0.5280 -0.8800 -0.1280 1.0342
0.5600 -0.8960 -0.1280 1.0643
0.5600 -0.8960 -0.1280 1.0643
0.5600 -0.8960 -0.1280 1.0643
0.5600 -0.8960 -0.1280 1.0643
0.5600 -0.8960 -0.1280 1.0643
0.5600 -0.8960 -0.1280 1.0643
0.5600 -0.8960 -0.1280 1.0643
0.5600 -0.8960 -0.1280 1.0643
0.5600 -0.8960 -0.1280 1.0643
0.5600 -0.8960 -0.1040 1.0617
0.5360 -0.8720 -0.1040 1.0288
0.5360 -0.8720 -0.1040 1.0288
0.5360 -0.8720 -0.1040 1.0288
0.5360 -0.8720 -0.1040 1.0288
0.5360 -0.8720 -0.1040 1.0288
0.5360 -0.8720 -0.1040 1.0288
0.5280 -0.8720 -0.1040 1.0247
0.5280 -0.8720 -0.1040 1.0247
0.5280 -0.8720 -0.1040 1.0247
0.5280 -0.8720 -0.1040 1.0247
0.5280 -0.8720 -0.1040 1.0247
0.5280 -0.8720 -0.1040 1.0247
0.5280 -0.8720 -0.1040 1.0247
0.5280 -0.8720 -0.1280 1.0274
0.5280 -0.8800 -0.1280 1.0342
0.5280 -0.8800 -0.1280 1.0342
0.5280 -0.8800 -0.1280 1.0342
0.5280 -0.8800 -0.1280 1.0342
0.5280 -0.8800 -0.1280 1.0342
0.5280 -0.8800 -0.1280 1.0342
0.5280 -0.8800 -0.1280 1.0342
0.5280 -0.8800 -0.1280 1.0342
0.5280 -0.8800 -0.1040 1.0315
0.5200 -0.8880 -0.1040 1.0343
0.5200 -0.8880 -0.1040 1.0343
0.5200 -0.8880 -0.1040 1.0343
0.5200 -0.8880 -0.1040 1.0343
0.5200 -0.8880 -0.1040 1.0343
0.5200 -0.8880 -0.1040 1.0343
0.5200 -0.8880 -0.1040 1.0343
0.5200 -0.8880 -0.1040 1.0343
0.5200 -0.8880 -0.1040 1.0343
0.5280 -0.8880 -0.0720 1.0356
0.5280 -0.8880 -0.0720 1.0356
0.5280 -0.8880 -0.0720 1.0356
0.5280 -0.8880 -0.0720 1.0356
0.5280 -0.8880 -0.0720 1.0356
0.5280 -0.8880 -0.0880 1.0369
0.5200 -0.8800 -0.1200 1.0292
0.5200 -0.8800 -0.1200 1.0292
0.5200 -0.8800 -0.1200 1.0292
0.5200 -0.8800 -0.1200 1.0292
0.5200 -0.8800 -0.1200 1.0292
0.5200 -0.8800 -0.1040 1.0274
0.5280 -0.8800 -0.1040 1.0315
0.5280 -0.8800 -0.1040 1.0315
0.5280 -0.8800 -0.1040 1.0315
0.5280 -0.8800 -0.1040 1.0315
0.5280 -0.8800 -0.1040 1.0315
0.5280 -0.8800 -0.1040 1.0315
0.5280 -0.8800 -0.1040 1.0315
0.5280 -0.8800 -0.1040 1.0315
0.5280 -0.8800 -0.1040 1.0315
0.5280 -0.8720 -0.1360 1.0284
0.5280 -0.8720 -0.1360 1.0284
0.5280 -0.8720 -0.1360 1.0284
0.5280 -0.8720 -0.1360 1.0284
0.5280 -0.8720 -0.1360 1.0284
0.5280 -0.8720 -0.1360 1.0284
0.5280 -0.8720 -0.1360 1.0284
0.5280 -0.8720 -0.1360 1.0284
0.5280 -0.8720 -0.1600 1.0319
0.5600 -0.8800 -0.0960 1.0475
0.5600 -0.8800 -0.0960 1.0475
0.5600 -0.8800 -0.0960 1.0475
0.5600 -0.8800 -0.0960 1.0475
0.5600 -0.8800 -0.0960 1.0475
0.5600 -0.8800 -0.0960 1.0475
0.5600 -0.8800 -0.0960 1.0475
0.5600 -0.8800 -0.0960 1.0475
0.5600 -0.8880 -0.0960 1.0542
0.5600 -0.8880 -0.0960 1.0542
0.5600 -0.8880 -0.0960 1.0542
0.5600 -0.8880 -0.0960 1.0542
0.5600 -0.8880 -0.0960 1.0542
0.5600 -0.8880 -0.0960 1.0542
0.5600 -0.8800 -0.0960 1.0475
0.5600 -0.8800 -0.0960 1.0475
0.5600 -0.8800 -0.0960 1.0475
0.5600 -0.8800 -0.0960 1.0475
0.5600 -0.8800 -0.0960 1.0475
0.5600 -0.8800 -0.0960 1.0475
0.5600 -0.8800 -0.0960 1.0475
0.5600 -0.8800 -0.0960 1.0475
0.5600 -0.8800 -0.0960 1.0475
0.5680 -0.8880 -0.0960 1.0585
0.5680 -0.8880 -0.0960 1.0585
0.5680 -0.8880 -0.0960 1.0585
0.5680 -0.8880 -0.0960 1.0585
0.5680 -0.8880 -0.0960 1.0585
0.5680 -0.8880 -0.0960 1.0585
0.5680 -0.8880 -0.0960 1.0585
0.5680 -0.8880 -0.0960 1.0585
0.5680 -0.8880 -0.0960 1.0585
0.5680 -0.8880 -0.0800 1.0572
0.5280 -0.8960 -0.0480 1.0411
0.5280 -0.8960 -0.0480 1.0411
0.5280 -0.8960 -0.0480 1.0411
0.5280 -0.8960 -0.0480 1.0411
0.5280 -0.8960 -0.0480 1.0411
0.5280 -0.8960 -0.0480 1.0411
0.5280 -0.8960 -0.0400 1.0408
0.5280 -0.8800 -0.0720 1.0288
0.5280 -0.8800 -0.0720 1.0288
0.5280 -0.8800 -0.0720 1.0288
0.5280 -0.8800 -0.0720 1.0288
0.5280 -0.8800 -0.0720 1.0288
0.5280 -0.8800 -0.0720 1.0288
0.5280 -0.8800 -0.0720 1.0288
0.5280 -0.8800 -0.1040 1.0315
0.5280 -0.8800 -0.1040 1.0315
0.5280 -0.8800 -0.1040 1.0315
0.5280 -0.8800 -0.1040 1.0315
0.5280 -0.8800 -0.1040 1.0315
0.5280 -0.8800 -0.1040 1.0315
0.5280 -0.8800 -0.1040 1.0315
0.5280 -0.8800 -0.1040 1.0315
0.5280 -0.8800 -0.1280 1.0342
0.5600 -0.8960 -0.0960 1.0610
0.5600 -0.8960 -0.0960 1.0610
0.5600 -0.8960 -0.0960 1.0610
0.5600 -0.8960 -0.0960 1.0610
0.5600 -0.8960 -0.0960 1.0610
0.5600 -0.8960 -0.0960 1.0610
0.5600 -0.8960 -0.0960 1.0610
0.5600 -0.8960 -0.0960 1.0610
0.5600 -0.8960 -0.0800 1.0596
0.5280 -0.8800 -0.1120 1.0323
0.5280 -0.8800 -0.1120 1.0323
0.5280 -0.8800 -0.1120 1.0323
0.5280 -0.8800 -0.1120 1.0323
0.5280 -0.8800 -0.1120 1.0323
0.5280 -0.8800 -0.1120 1.0323
0.5280 -0.8800 -0.1040 1.0315
0.5280 -0.8960 -0.0720 1.0425
0.5280 -0.8960 -0.0720 1.0425
0.5280 -0.8960 -0.0720 1.0425
0.5280 -0.8960 -0.0720 1.0425
0.5280 -0.8960 -0.0720 1.0425
0.5280 -0.8960 -0.0720 1.0425
0.5280 -0.8960 -0.0720 1.0425
0.5280 -0.8960 -0.0960 1.0444
0.5600 -0.8720 -0.1280 1.0442
0.5600 -0.8720 -0.1280 1.0442
0.5600 -0.8720 -0.1280 1.0442
0.5600 -0.8720 -0.1280 1.0442
0.5600 -0.8720 -0.1280 1.0442
0.5600 -0.8720 -0.1280 1.0442
0.5600 -0.8720 -0.1280 1.0442
0.5600 -0.8720 -0.1280 1.0442
0.5600 -0.8720 -0.1280 1.0442
0.5600 -0.8720 -0.1280 1.0442
0.5600 -0.8720 -0.1280 1.0442
0.5600 -0.8720 -0.1280 1.0442
0.5600 -0.8720 -0.1280 1.0442
0.5600 -0.8720 -0.1280 1.0442
0.5600 -0.8720 -0.1280 1.0442
0.5600 -0.8720 -0.1280 1.0442
0.5600 -0.8720 -0.1280 1.0442
0.5600 -0.8720 -0.1040 1.0415
0.5360 -0.8880 -0.0720 1.0397
0.5360 -0.8880 -0.0720 1.0397
0.5360 -0.8880 -0.0720 1.0397
0.5360 -0.8880 -0.0720 1.0397
0.5360 -0.8880 -0.0720 1.0397
0.5360 -0.8880 -0.0800 1.0403
0.5280 -0.8880 -0.0800 1.0362
0.5280 -0.8880 -0.0800 1.0362
0.5280 -0.8880 -0.0800 1.0362
0.5280 -0.8880 -0.0800 1.0362
0.5280 -0.8880 -0.0720 1.0356
0.5200 -0.8960 -0.0720 1.0385
0.5200 -0.8960 -0.0720 1.0385
0.5200 -0.8960 -0.0720 1.0385
0.5200 -0.8960 -0.0720 1.0385
0.5200 -0.8960 -0.0720 1.0385
0.5200 -0.8960 -0.0720 1.0385
0.5200 -0.8960 -0.0720 1.0385
0.5200 -0.8960 -0.0720 1.0385
0.5200 -0.8960 -0.0800 1.0390
0.5360 -0.8960 -0.1120 1.0501
0.5360 -0.8960 -0.1120 1.0501
0.5360 -0.8960 -0.1120 1.0501
0.5360 -0.8960 -0.1120 1.0501
0.5360 -0.8960 -0.1120 1.0501
0.5360 -0.8960 -0.1120 1.0501
0.5360 -0.8960 -0.1120 1.0501
0.5360 -0.8960 -0.1120 1.0501
0.5360 -0.8960 -0.1120 1.0501
0.5360 -0.8960 -0.1200 1.0510
0.5600 -0.8800 -0.1200 1.0500
0.5600 -0.8800 -0.1200 1.0500
0.5600 -0.8800 -0.1200 1.0500
0.5600 -0.8800 -0.1200 1.0500
0.5600 -0.8800 -0.1200 1.0500
0.5600 -0.8800 -0.1200 1.0500
0.5600 -0.8800 -0.1200 1.0500
0.5600 -0.8800 -0.1120 1.0491
0.5280 -0.8720 -0.1120 1.0255
0.5280 -0.8720 -0.1120 1.0255
0.5280 -0.8720 -0.1120 1.0255
0.5280 -0.8720 -0.1120 1.0255
0.5280 -0.8720 -0.1120 1.0255
0.5280 -0.8720 -0.1040 1.0247
0.5280 -0.8720 -0.0720 1.0219
0.5280 -0.8720 -0.0720 1.0219
0.5280 -0.8720 -0.0720 1.0219
0.5280 -0.8720 -0.0720 1.0219
0.5280 -0.8720 -0.0720 1.0219
0.5280 -0.8720 -0.0720 1.0219
0.5280 -0.8720 -0.0720 1.0219
0.5280 -0.8720 -0.0720 1.0219
0.5280 -0.8720 -0.0720 1.0219
0.5280 -0.8720 -0.1040 1.0247
0.5280 -0.8720 -0.1040 1.0247
0.5280 -0.8720 -0.1040 1.0247
0.5280 -0.8720 -0.1040 1.0247
0.5280 -0.8720 -0.1040 1.0247
0.5280 -0.8720 -0.1040 1.0247
0.5280 -0.8720 -0.1040 1.0247
0.5280 -0.8720 -0.1040 1.0247
0.5280 -0.8720 -0.1040 1.0247
0.5360 -0.8880 -0.0720 1.0397
0.5360 -0.8880 -0.0720 1.0397
0.5360 -0.8880 -0.0720 1.0397
0.5360 -0.8880 -0.0720 1.0397
0.5360 -0.8880 -0.0720 1.0397
0.5360 -0.8880 -0.0720 1.0397
0.5360 -0.8880 -0.0720 1.0397
0.5360 -0.8880 -0.0720 1.0397
0.5360 -0.8960 -0.0720 1.0466
0.5360 -0.8960 -0.0720 1.0466
0.5360 -0.8960 -0.0720 1.0466
0.5360 -0.8960 -0.0720 1.0466
0.5360 -0.8960 -0.0720 1.0466
0.5360 -0.8960 -0.0720 1.0466
0.5360 -0.8960 -0.0960 1.0485
0.5680 -0.8720 -0.1600 1.0529
0.5680 -0.8720 -0.1600 1.0529
0.5680 -0.8720 -0.1600 1.0529
0.5680 -0.8720 -0.1600 1.0529
0.5680 -0.8720 -0.1600 1.0529
0.5680 -0.8720 -0.1600 1.0529
0.5680 -0.8720 -0.1600 1.0529
0.5680 -0.8720 -0.1600 1.0529
0.5680 -0.8720 -0.1440 1.0506
0.5360 -0.8720 -0.1440 1.0336
0.5360 -0.8720 -0.1440 1.0336
0.5360 -0.8720 -0.1440 1.0336
0.5360 -0.8720 -0.1440 1.0336
0.5360 -0.8720 -0.1440 1.0336
0.5360 -0.8720 -0.1440 1.0336
0.5360 -0.8720 -0.1440 1.0336
0.5360 -0.8720 -0.1440 1.0336
0.5360 -0.8720 -0.1360 1.0326
0.5360 -0.8880 -0.1040 1.0424
0.5360 -0.8880 -0.1040 1.0424
0.5360 -0.8880 -0.1040 1.0424
0.5360 -0.8880 -0.1040 1.0424
0.5360 -0.8880 -0.1040 1.0424
0.5360 -0.8880 -0.1040 1.0424
0.5360 -0.8880 -0.1280 1.0451
0.5680 -0.8800 -0.1280 1.0552
0.5680 -0.8800 -0.1280 1.0552
0.5680 -0.8800 -0.1280 1.0552
0.5680 -0.8800 -0.1280 1.0552
0.5680 -0.8800 -0.1280 1.0552
0.5680 -0.8800 -0.1280 1.0552
0.5680 -0.8800 -0.1120 1.0534
0.5280 -0.8960 -0.0800 1.0431
0.5280 -0.8960 -0.0800 1.0431
0.5280 -0.8960 -0.0800 1.0431
0.5280 -0.8960 -0.0800 1.0431
0.5280 -0.8960 -0.0800 1.0431
0.5280 -0.8960 -0.0800 1.0431
0.5280 -0.8960 -0.0800 1.0431
0.5280 -0.8960 -0.0800 1.0431
0.5280 -0.8960 -0.0880 1.0437
0.5360 -0.8960 -0.1200 1.0510
0.5360 -0.8960 -0.1200 1.0510
0.5360 -0.8960 -0.1200 1.0510
0.5360 -0.8960 -0.1200 1.0510
0.5360 -0.8960 -0.1200 1.0510
0.5360 -0.8960 -0.1200 1.0510
0.5360 -0.8960 -0.1200 1.0510
0.5360 -0.8960 -0.1200 1.0510
0.5360 -0.8960 -0.1200 1.0510
0.5360 -0.8960 -0.1040 1.0493
0.5280 -0.8880 -0.1040 1.0383
0.5280 -0.8880 -0.1040 1.0383
0.5280 -0.8880 -0.1040 1.0383
0.5280 -0.8880 -0.1040 1.0383
0.5280 -0.8880 -0.1040 1.0383
