0.5360 -0.8800 -0.0800 1.0335
0.5480 -0.8760 -0.0960 1.0377
0.5480 -0.8760 -0.0840 1.0367
0.5320 -0.8760 -0.0920 1.0290
0.5440 -0.8760 -0.0920 1.0353
0.5440 -0.8760 -0.0920 1.0353
0.5480 -0.8760 -0.0920 1.0374
0.5480 -0.8760 -0.0920 1.0374
0.5520 -0.8800 -0.0960 1.0432
0.5480 -0.8720 -0.0920 1.0340
0.5480 -0.8720 -0.0960 1.0344
0.5520 -0.8800 -0.0960 1.0432
0.5480 -0.8800 -0.0920 1.0408
0.5520 -0.8800 -0.0920 1.0429
0.5520 -0.8800 -0.0920 1.0429
0.5440 -0.8800 -0.0920 1.0387
0.5480 -0.8800 -0.0920 1.0408
0.5480 -0.8760 -0.0920 1.0374
0.5440 -0.8760 -0.0880 1.0349
0.5480 -0.8760 -0.0920 1.0374
0.5440 -0.8720 -0.1080 1.0334
0.5480 -0.8720 -0.0840 1.0333
0.5360 -0.8760 -0.1160 1.0335
0.5320 -0.8680 -0.1040 1.0234
0.5440 -0.8760 -0.0880 1.0349
0.5440 -0.8680 -0.1040 1.0296
0.5440 -0.8680 -0.1120 1.0305
0.5560 -0.8800 -0.0800 1.0440
0.5560 -0.8800 -0.0800 1.0440
0.5560 -0.8800 -0.0800 1.0440
0.5560 -0.8800 -0.0800 1.0440
0.5560 -0.8800 -0.0760 1.0437
0.5280 -0.8720 -0.1120 1.0255
0.5440 -0.8800 -0.1120 1.0406
0.5440 -0.8800 -0.1120 1.0406
0.5440 -0.8800 -0.1000 1.0394
0.5400 -0.8720 -0.0840 1.0291
0.5400 -0.8720 -0.0840 1.0291
0.5400 -0.8720 -0.0840 1.0291
0.5400 -0.8720 -0.0840 1.0291
0.5400 -0.8720 -0.0920 1.0298
0.5680 -0.8680 -0.1080 1.0429
0.5680 -0.8680 -0.1080 1.0429
0.5680 -0.8680 -0.1080 1.0429
0.5680 -0.8680 -0.1080 1.0429
0.5680 -0.8680 -0.1080 1.0429
0.5880 -0.8920 -0.1400 1.0775
0.5880 -0.8920 -0.1400 1.0775
0.5880 -0.8920 -0.1400 1.0775
0.5880 -0.8920 -0.1360 1.0770
0.5560 -0.8880 -0.0880 1.0514
0.5560 -0.8880 -0.0880 1.0514
0.5560 -0.8880 -0.0880 1.0514
0.5560 -0.8880 -0.0880 1.0514
0.5560 -0.8880 -0.0960 1.0521
0.5480 -0.8880 -0.0960 1.0479
0.5480 -0.8880 -0.0960 1.0479
0.5480 -0.8880 -0.0960 1.0479
0.5480 -0.8880 -0.0960 1.0479
0.5480 -0.8880 -0.0880 1.0472
0.5280 -0.8680 -0.0720 1.0185
0.5280 -0.8680 -0.0720 1.0185
0.5280 -0.8680 -0.0720 1.0185
0.5280 -0.8680 -0.0680 1.0182
0.5320 -0.8680 -0.1240 1.0256
0.5640 -0.8760 -0.1080 1.0474
0.5640 -0.8760 -0.1080 1.0474
0.5640 -0.8760 -0.1080 1.0474
0.5640 -0.8760 -0.1040 1.0470
0.5640 -0.8800 -0.0720 1.0477
0.5640 -0.8800 -0.0720 1.0477
0.5640 -0.8800 -0.0720 1.0477
0.5640 -0.8800 -0.0720 1.0477
0.5640 -0.8800 -0.0800 1.0483
0.5440 -0.8760 -0.1120 1.0372
0.5440 -0.8760 -0.1120 1.0372
0.5440 -0.8760 -0.1120 1.0372
0.5440 -0.8760 -0.1120 1.0372
0.5440 -0.8760 -0.1000 1.0360
0.5480 -0.8680 -0.0520 1.0278
0.5480 -0.8680 -0.0520 1.0278
0.5480 -0.8680 -0.0520 1.0278
0.5480 -0.8680 -0.0600 1.0283
0.5520 -0.8800 -0.0600 1.0405
0.5520 -0.8800 -0.0600 1.0405
0.5520 -0.8800 -0.0600 1.0405
0.5520 -0.8800 -0.0600 1.0405
0.5520 -0.8800 -0.0520 1.0401
0.5280 -0.8640 -0.0680 1.0148
0.5280 -0.8640 -0.0680 1.0148
0.5280 -0.8640 -0.0680 1.0148
0.5280 -0.8640 -0.0720 1.0151
0.5320 -0.8600 -0.1200 1.0183
0.5320 -0.8600 -0.1200 1.0183
0.5320 -0.8600 -0.1200 1.0183
0.5320 -0.8600 -0.1200 1.0183
0.5320 -0.8600 -0.1160 1.0179
0.5480 -0.8800 -0.1160 1.0431
0.5520 -0.8720 -0.0840 1.0354
0.5520 -0.8720 -0.0840 1.0354
0.5520 -0.8720 -0.0840 1.0354
0.5520 -0.8720 -0.0840 1.0354
0.5440 -0.8520 -0.0840 1.0143
0.5440 -0.8520 -0.0840 1.0143
0.5440 -0.8520 -0.0840 1.0143
0.5440 -0.8520 -0.0840 1.0143
0.5440 -0.8520 -0.0880 1.0147
0.5520 -0.8720 -0.1200 1.0390
0.5520 -0.8720 -0.1200 1.0390
0.5520 -0.8720 -0.1200 1.0390
0.5520 -0.8720 -0.1200 1.0390
0.5480 -0.8760 -0.0880 1.0370
0.5480 -0.8760 -0.0880 1.0370
0.5480 -0.8760 -0.0880 1.0370
0.5480 -0.8760 -0.0880 1.0370
0.5480 -0.8760 -0.0880 1.0370
0.5560 -0.8880 -0.1040 1.0529
0.5560 -0.8880 -0.1040 1.0529
0.5560 -0.8880 -0.1040 1.0529
0.5560 -0.8880 -0.1040 1.0529
0.5560 -0.8880 -0.1120 1.0537
0.5720 -0.8840 -0.1120 1.0589
0.5720 -0.8840 -0.1120 1.0589
0.5720 -0.8840 -0.1120 1.0589
0.5720 -0.8840 -0.1120 1.0589
0.5640 -0.8840 -0.0960 1.0530
0.5640 -0.8840 -0.0960 1.0530
0.5640 -0.8840 -0.0960 1.0530
0.5640 -0.8840 -0.0840 1.0520
0.5560 -0.8880 -0.0720 1.0502
0.5600 -0.8680 -0.0720 1.0355
0.5600 -0.8680 -0.0720 1.0355
0.5600 -0.8680 -0.0720 1.0355
0.5600 -0.8680 -0.0720 1.0355
0.5600 -0.8680 -0.0760 1.0358
0.5760 -0.8800 -0.0760 1.0545
0.5760 -0.8800 -0.0760 1.0545
0.5760 -0.8800 -0.0760 1.0545
0.5760 -0.8800 -0.0760 1.0545
0.5760 -0.8800 -0.0680 1.0539
0.5720 -0.8920 -0.0680 1.0618
0.5720 -0.8920 -0.0680 1.0618
0.5720 -0.8920 -0.0680 1.0618
0.5720 -0.8920 -0.0680 1.0618
0.5360 -0.8960 -0.0360 1.0447
0.5360 -0.8960 -0.0360 1.0447
0.5360 -0.8960 -0.0360 1.0447
0.5360 -0.8960 -0.0360 1.0447
0.5360 -0.8960 -0.0480 1.0452
0.5440 -0.8720 -0.0800 1.0309
0.5440 -0.8720 -0.0800 1.0309
0.5440 -0.8720 -0.0800 1.0309
0.5440 -0.8720 -0.0720 1.0303
0.5520 -0.8680 -0.1040 1.0339
0.5520 -0.8680 -0.1040 1.0339
0.5520 -0.8680 -0.1040 1.0339
0.5520 -0.8680 -0.1040 1.0339
0.5520 -0.8680 -0.1040 1.0339
0.5640 -0.8680 -0.1040 1.0404
0.5640 -0.8680 -0.1040 1.0404
0.5640 -0.8680 -0.1000 1.0400
0.5480 -0.8800 -0.0840 1.0401
0.5480 -0.8800 -0.0960 1.0411
0.5600 -0.8680 -0.1120 1.0390
0.5600 -0.8680 -0.1120 1.0390
0.5600 -0.8680 -0.1120 1.0390
0.5600 -0.8680 -0.1120 1.0390
0.5600 -0.8680 -0.1040 1.0382
0.5520 -0.8720 -0.1200 1.0390
0.5520 -0.8720 -0.1200 1.0390
0.5520 -0.8720 -0.1200 1.0390
0.5520 -0.8720 -0.1200 1.0390
0.5480 -0.8560 -0.1040 1.0217
0.5480 -0.8560 -0.1040 1.0217
0.5480 -0.8560 -0.1040 1.0217
0.5480 -0.8560 -0.1040 1.0217
0.5480 -0.8560 -0.1080 1.0221
0.5560 -0.8760 -0.1240 1.0449
0.5560 -0.8760 -0.1240 1.0449
0.5560 -0.8760 -0.1240 1.0449
0.5560 -0.8760 -0.1280 1.0454
0.5480 -0.8800 -0.0960 1.0411
0.5480 -0.8800 -0.0960 1.0411
0.5480 -0.8800 -0.0960 1.0411
0.5480 -0.8800 -0.0960 1.0411
0.5480 -0.8800 -0.0880 1.0404
0.5280 -0.8760 -0.0880 1.0266
0.5280 -0.8760 -0.0880 1.0266
0.5280 -0.8760 -0.0880 1.0266
0.5280 -0.8760 -0.0880 1.0266
0.5280 -0.8760 -0.0840 1.0263
0.5400 -0.8800 -0.0680 1.0347
0.5400 -0.8800 -0.0680 1.0347
0.5360 -0.8760 -0.0840 1.0304
0.5360 -0.8760 -0.0840 1.0304
0.5360 -0.8760 -0.0880 1.0307
0.5480 -0.8760 -0.0880 1.0370
0.5480 -0.8760 -0.0880 1.0370
0.5480 -0.8760 -0.0880 1.0370
0.5480 -0.8760 -0.0880 1.0370
0.5440 -0.8680 -0.0880 1.0282
0.5440 -0.8680 -0.0880 1.0282
0.5440 -0.8680 -0.0880 1.0282
0.5440 -0.8680 -0.0880 1.0282
0.5440 -0.8680 -0.0960 1.0289
0.5480 -0.8720 -0.0960 1.0344
0.5480 -0.8720 -0.0960 1.0344
0.5480 -0.8720 -0.0960 1.0344
0.5480 -0.8720 -0.0960 1.0344
0.5480 -0.8720 -0.0960 1.0344
0.5520 -0.8800 -0.0800 1.0419
0.5520 -0.8800 -0.0800 1.0419
0.5520 -0.8800 -0.0800 1.0419
0.5520 -0.8800 -0.0680 1.0410
0.5280 -0.8800 -0.1000 1.0311
0.5280 -0.8800 -0.1000 1.0311
0.5280 -0.8800 -0.1000 1.0311
0.5280 -0.8800 -0.1000 1.0311
0.5280 -0.8800 -0.1000 1.0311
0.5360 -0.8760 -0.1000 1.0318
0.5360 -0.8760 -0.1000 1.0318
0.5360 -0.8760 -0.1000 1.0318
0.5360 -0.8760 -0.1040 1.0322
0.5560 -0.8760 -0.1200 1.0445
0.5560 -0.8760 -0.1160 1.0440
0.5400 -0.8760 -0.0880 1.0328
0.5440 -0.8720 -0.0880 1.0315
0.5440 -0.8720 -0.0880 1.0315
0.5440 -0.8720 -0.0880 1.0315
0.5440 -0.8720 -0.0920 1.0319
0.5560 -0.8920 -0.0760 1.0538
0.5560 -0.8920 -0.0760 1.0538
0.5560 -0.8920 -0.0760 1.0538
0.5560 -0.8920 -0.0760 1.0538
0.5560 -0.8920 -0.0680 1.0533
0.5440 -0.8680 -0.0680 1.0266
0.5440 -0.8680 -0.0680 1.0266
0.5440 -0.8680 -0.0680 1.0266
0.5440 -0.8680 -0.0680 1.0266
0.5440 -0.8680 -0.0680 1.0266
0.5480 -0.8800 -0.0840 1.0401
0.5480 -0.8800 -0.0840 1.0401
0.5480 -0.8800 -0.0840 1.0401
0.5480 -0.8800 -0.0840 1.0401
0.5520 -0.8800 -0.0680 1.0410
0.5520 -0.8800 -0.0680 1.0410
0.5520 -0.8800 -0.0680 1.0410
0.5520 -0.8800 -0.0680 1.0410
0.5520 -0.8800 -0.0680 1.0410
0.5480 -0.8800 -0.0520 1.0380
0.5480 -0.8800 -0.0520 1.0380
0.5480 -0.8800 -0.0520 1.0380
0.5480 -0.8800 -0.0600 1.0384
0.5440 -0.8720 -0.0920 1.0319
0.5440 -0.8720 -0.0920 1.0319
0.5440 -0.8720 -0.0920 1.0319
0.5440 -0.8720 -0.0920 1.0319
0.5480 -0.8760 -0.0920 1.0374
0.5480 -0.8760 -0.0840 1.0367
0.5480 -0.8680 -0.1000 1.0314
0.5480 -0.8680 -0.1000 1.0314
0.5480 -0.8680 -0.1000 1.0314
0.5480 -0.8680 -0.1120 1.0326
0.5600 -0.8800 -0.0800 1.0461
0.5600 -0.8800 -0.0800 1.0461
0.5600 -0.8800 -0.0800 1.0461
0.5600 -0.8800 -0.0800 1.0461
0.5600 -0.8800 -0.0760 1.0458
0.5520 -0.8920 -0.1240 1.0563
0.5520 -0.8920 -0.1240 1.0563
0.5520 -0.8920 -0.1240 1.0563
0.5520 -0.8920 -0.1280 1.0568
0.5600 -0.8720 -0.1120 1.0424
0.5600 -0.8720 -0.1120 1.0424
0.5600 -0.8720 -0.1120 1.0424
0.5600 -0.8720 -0.1120 1.0424
0.5600 -0.8720 -0.1120 1.0424
0.5800 -0.8880 -0.1120 1.0665
0.5800 -0.8880 -0.1120 1.0665
0.5800 -0.8880 -0.1120 1.0665
0.5800 -0.8880 -0.1120 1.0665
0.5800 -0.8880 -0.1120 1.0665
0.5640 -0.8840 -0.0960 1.0530
0.5640 -0.8840 -0.0960 1.0530
0.5640 -0.8840 -0.0960 1.0530
0.5640 -0.8840 -0.0960 1.0530
0.5480 -0.8680 -0.0800 1.0296
0.5480 -0.8680 -0.0800 1.0296
0.5480 -0.8680 -0.0800 1.0296
0.5480 -0.8800 -0.0800 1.0398
0.5480 -0.8800 -0.0720 1.0392
0.5320 -0.8720 -0.0560 1.0230
0.5320 -0.8720 -0.0560 1.0230
0.5320 -0.8720 -0.0560 1.0230
0.5320 -0.8720 -0.0560 1.0230
0.5320 -0.8720 -0.0560 1.0230
0.5360 -0.8720 -0.0560 1.0251
0.5360 -0.8720 -0.0560 1.0251
0.5360 -0.8720 -0.0560 1.0251
0.5360 -0.8720 -0.0600 1.0253
0.5400 -0.8800 -0.0600 1.0342
0.5400 -0.8800 -0.0600 1.0342
0.5400 -0.8800 -0.0600 1.0342
0.5400 -0.8800 -0.0600 1.0342
0.5400 -0.8800 -0.0640 1.0345
0.5680 -0.8680 -0.1120 1.0434
0.5680 -0.8680 -0.1120 1.0434
0.5680 -0.8680 -0.1120 1.0434
0.5680 -0.8680 -0.1120 1.0434
0.5680 -0.8680 -0.1120 1.0434
0.5720 -0.8960 -0.1280 1.0707
0.5720 -0.8960 -0.1280 1.0707
0.5720 -0.8960 -0.1280 1.0707
0.5720 -0.8960 -0.1160 1.0693
0.5560 -0.8840 -0.1000 1.0491
0.5560 -0.8840 -0.1000 1.0491
0.5560 -0.8840 -0.1000 1.0491
0.5560 -0.8840 -0.1000 1.0491
0.5560 -0.8840 -0.1000 1.0491
0.5400 -0.8960 -0.0840 1.0495
0.5400 -0.8960 -0.0840 1.0495
0.5280 -0.8760 -0.1160 1.0294
0.5280 -0.8760 -0.1160 1.0294
0.5280 -0.8760 -0.1240 1.0303
0.5520 -0.8840 -0.1080 1.0478
0.5520 -0.8840 -0.1080 1.0478
0.5520 -0.8840 -0.1080 1.0478
0.5520 -0.8840 -0.1080 1.0478
0.5520 -0.8840 -0.1120 1.0482
0.5440 -0.8760 -0.0800 1.0343
0.5440 -0.8760 -0.0800 1.0343
0.5440 -0.8760 -0.0800 1.0343
0.5440 -0.8760 -0.0760 1.0340
0.5320 -0.8880 -0.0920 1.0392
0.5320 -0.8880 -0.0920 1.0392
0.5320 -0.8880 -0.0920 1.0392
0.5320 -0.8880 -0.0920 1.0392
0.5320 -0.8880 -0.0840 1.0386
0.5280 -0.8800 -0.0680 1.0285
0.5280 -0.8800 -0.0680 1.0285
0.5280 -0.8800 -0.0680 1.0285
0.5280 -0.8800 -0.0680 1.0285
0.5280 -0.8800 -0.0800 1.0294
0.5280 -0.8800 -0.0800 1.0294
0.5280 -0.8800 -0.0800 1.0294
0.5280 -0.8800 -0.0800 1.0294
0.5280 -0.8800 -0.0720 1.0288
0.5280 -0.8600 -0.0720 1.0117
0.5280 -0.8600 -0.0720 1.0117
0.5280 -0.8600 -0.0720 1.0117
0.5280 -0.8600 -0.0720 1.0117
0.5280 -0.8600 -0.0720 1.0117
0.5560 -0.8760 -0.1160 1.0440
0.5400 -0.8720 -0.1000 1.0305
0.5400 -0.8720 -0.1000 1.0305
0.5400 -0.8720 -0.1000 1.0305
0.5400 -0.8720 -0.1000 1.0305
0.5440 -0.8760 -0.0840 1.0346
0.5440 -0.8760 -0.0840 1.0346
0.5440 -0.8760 -0.0840 1.0346
0.5440 -0.8760 -0.0840 1.0346
0.5440 -0.8760 -0.0960 1.0356
0.5440 -0.8720 -0.0640 1.0298
0.5440 -0.8720 -0.0640 1.0298
0.5440 -0.8720 -0.0640 1.0298
0.5440 -0.8720 -0.0560 1.0293
0.5280 -0.8680 -0.0720 1.0185
0.5280 -0.8680 -0.0720 1.0185
0.5280 -0.8680 -0.0720 1.0185
0.5280 -0.8680 -0.0720 1.0185
0.5280 -0.8680 -0.0800 1.0191
0.5400 -0.8680 -0.1120 1.0284
0.5400 -0.8680 -0.1120 1.0284
0.5400 -0.8680 -0.1120 1.0284
0.5400 -0.8680 -0.1080 1.0280
0.5480 -0.8560 -0.1400 1.0260
0.5480 -0.8560 -0.1400 1.0260
0.5480 -0.8560 -0.1400 1.0260
0.5480 -0.8560 -0.1400 1.0260
0.5480 -0.8560 -0.1360 1.0254
0.5600 -0.8800 -0.1040 1.0482
0.5600 -0.8800 -0.1040 1.0482
0.5600 -0.8800 -0.1040 1.0482
0.5600 -0.8800 -0.1040 1.0482
0.5600 -0.8800 -0.1080 1.0486
0.5600 -0.8760 -0.0880 1.0434
0.5560 -0.8840 -0.1200 1.0512
0.5560 -0.8840 -0.1200 1.0512
0.5560 -0.8840 -0.1200 1.0512
0.5560 -0.8840 -0.1200 1.0512
0.5400 -0.8840 -0.1360 1.0448
0.5400 -0.8840 -0.1360 1.0448
0.5400 -0.8840 -0.1360 1.0448
0.5400 -0.8840 -0.1320 1.0443
0.5440 -0.8680 -0.1320 1.0329
0.5440 -0.8680 -0.1320 1.0329
0.5440 -0.8680 -0.1320 1.0329
0.5440 -0.8680 -0.1320 1.0329
0.5440 -0.8680 -0.1400 1.0339
0.5760 -0.8960 -0.1080 1.0706
0.5760 -0.8960 -0.1080 1.0706
0.5760 -0.8960 -0.1080 1.0706
0.5760 -0.8960 -0.1080 1.0706
0.5760 -0.8960 -0.1080 1.0706
0.5560 -0.8920 -0.1080 1.0566
0.5560 -0.8920 -0.1080 1.0566
0.5560 -0.8920 -0.1080 1.0566
0.5560 -0.8920 -0.1120 1.0570
0.5440 -0.8760 -0.0800 1.0343
0.5440 -0.8760 -0.0800 1.0343
0.5440 -0.8760 -0.0800 1.0343
0.5440 -0.8760 -0.0800 1.0343
0.5440 -0.8760 -0.0760 1.0340
0.5440 -0.8760 -0.0920 1.0353
0.5440 -0.8760 -0.0920 1.0353
0.5440 -0.8760 -0.0920 1.0353
0.5440 -0.8760 -0.0920 1.0353
0.5440 -0.8680 -0.1120 1.0305
0.5520 -0.8760 -0.1120 1.0415
0.5520 -0.8760 -0.1120 1.0415
0.5520 -0.8760 -0.1120 1.0415
0.5520 -0.8760 -0.1080 1.0410
0.5560 -0.8760 -0.1080 1.0432
0.5560 -0.8760 -0.1080 1.0432
0.5560 -0.8760 -0.1080 1.0432
0.5560 -0.8760 -0.1080 1.0432
0.5560 -0.8760 -0.1040 1.0428
0.5400 -0.8680 -0.1040 1.0275
0.5400 -0.8680 -0.1040 1.0275
0.5400 -0.8680 -0.1040 1.0275
0.5400 -0.8680 -0.1040 1.0275
0.5400 -0.8680 -0.1120 1.0284
0.5320 -0.8600 -0.0960 1.0158
0.5320 -0.8600 -0.0960 1.0158
0.5320 -0.8600 -0.0960 1.0158
0.5320 -0.8600 -0.0880 1.0151
0.5560 -0.8760 -0.0880 1.0413
0.5560 -0.8760 -0.0880 1.0413
0.5560 -0.8760 -0.0880 1.0413
0.5560 -0.8760 -0.0880 1.0413
0.5560 -0.8760 -0.0920 1.0416
0.5560 -0.8800 -0.0920 1.0450
0.5560 -0.8800 -0.0920 1.0450
0.5560 -0.8800 -0.0920 1.0450
0.5560 -0.8800 -0.0920 1.0450
0.5480 -0.8800 -0.0920 1.0408
0.5480 -0.8800 -0.0920 1.0408
0.5480 -0.8800 -0.0920 1.0408
0.5480 -0.8800 -0.0840 1.0401
0.5280 -0.8720 -0.1000 1.0243
0.5280 -0.8720 -0.1080 1.0251
0.5640 -0.8840 -0.1080 1.0541
0.5640 -0.8840 -0.1080 1.0541
0.5640 -0.8840 -0.1080 1.0541
0.5640 -0.8840 -0.1120 1.0546
0.5320 -0.8880 -0.0640 1.0371
0.5320 -0.8880 -0.0640 1.0371
0.5320 -0.8880 -0.0640 1.0371
0.5320 -0.8880 -0.0640 1.0371
0.5320 -0.8880 -0.0560 1.0367
0.5400 -0.8960 -0.0560 1.0476
0.5400 -0.8960 -0.0560 1.0476
0.5400 -0.8960 -0.0560 1.0476
0.5400 -0.8960 -0.0520 1.0474
0.5280 -0.8680 -0.1000 1.0209
0.5280 -0.8680 -0.1000 1.0209
0.5280 -0.8680 -0.1000 1.0209
0.5280 -0.8680 -0.1000 1.0209
0.5280 -0.8680 -0.1120 1.0221
0.5640 -0.8680 -0.0960 1.0396
0.5640 -0.8680 -0.0960 1.0396
0.5640 -0.8680 -0.0960 1.0396
0.5640 -0.8680 -0.0960 1.0396
0.5640 -0.8680 -0.0880 1.0389
0.5520 -0.8720 -0.1040 1.0373
0.5520 -0.8720 -0.1040 1.0373
0.5520 -0.8720 -0.1040 1.0373
0.5520 -0.8720 -0.1040 1.0373
0.5520 -0.8680 -0.0720 1.0312
0.5520 -0.8680 -0.0720 1.0312
0.5520 -0.8680 -0.0760 1.0315
0.5520 -0.8680 -0.0920 1.0328
0.5520 -0.8680 -0.0920 1.0328
0.5520 -0.8680 -0.0880 1.0324
0.5480 -0.8760 -0.0720 1.0358
0.5480 -0.8760 -0.0720 1.0358
0.5480 -0.8760 -0.0720 1.0358
0.5480 -0.8760 -0.0720 1.0358
0.5560 -0.8680 -0.1040 1.0360
0.5560 -0.8680 -0.1040 1.0360
0.5560 -0.8680 -0.1040 1.0360
0.5560 -0.8680 -0.1040 1.0360
0.5560 -0.8680 -0.1040 1.0360
0.5600 -0.8520 -0.1200 1.0266
0.5600 -0.8520 -0.1200 1.0266
0.5600 -0.8520 -0.1200 1.0266
0.5600 -0.8520 -0.1160 1.0261
0.5720 -0.8720 -0.1160 1.0493
0.5720 -0.8720 -0.1160 1.0493
0.5720 -0.8720 -0.1160 1.0493
0.5720 -0.8720 -0.1160 1.0493
0.5720 -0.8720 -0.1240 1.0502
0.5760 -0.8760 -0.0760 1.0512
0.5760 -0.8760 -0.0760 1.0512
0.5760 -0.8760 -0.0760 1.0512
0.5760 -0.8760 -0.0760 1.0512
0.5760 -0.8760 -0.0800 1.0515
0.5600 -0.8760 -0.0640 1.0417
0.5600 -0.8760 -0.0640 1.0417
0.5600 -0.8760 -0.0640 1.0417
0.5600 -0.8760 -0.0600 1.0414
0.5440 -0.8800 -0.0760 1.0374
0.5440 -0.8800 -0.0800 1.0377
0.5560 -0.8680 -0.0800 1.0339
0.5560 -0.8680 -0.0800 1.0339
0.5560 -0.8680 -0.0760 1.0336
0.5520 -0.8760 -0.0920 1.0395
0.5520 -0.8760 -0.0920 1.0395
0.5520 -0.8760 -0.0920 1.0395
0.5520 -0.8760 -0.0920 1.0395
0.5520 -0.8760 -0.0880 1.0391
0.5560 -0.8760 -0.0880 1.0413
0.5560 -0.8760 -0.0880 1.0413
0.5560 -0.8760 -0.0880 1.0413
0.5560 -0.8760 -0.0880 1.0413
0.5440 -0.8720 -0.0880 1.0315
0.5440 -0.8720 -0.0880 1.0315
0.5440 -0.8720 -0.0880 1.0315
0.5440 -0.8720 -0.0880 1.0315
0.5440 -0.8720 -0.0840 1.0312
0.5400 -0.8880 -0.0840 1.0427
0.5400 -0.8880 -0.0840 1.0427
0.5400 -0.8880 -0.0840 1.0427
0.5400 -0.8880 -0.0840 1.0427
0.5400 -0.8880 -0.0920 1.0434
0.5480 -0.8720 -0.1080 1.0355
0.5480 -0.8720 -0.1080 1.0355
0.5480 -0.8720 -0.1080 1.0355
0.5480 -0.8720 -0.1120 1.0360
0.5440 -0.8720 -0.1280 1.0357
0.5440 -0.8720 -0.1280 1.0357
0.5440 -0.8720 -0.1280 1.0357
0.5440 -0.8720 -0.1280 1.0357
0.5440 -0.8720 -0.1240 1.0352
0.5520 -0.8720 -0.1120 1.0381
0.5600 -0.8640 -0.0640 1.0316
0.5600 -0.8640 -0.0640 1.0316
0.5600 -0.8640 -0.0640 1.0316
0.5600 -0.8640 -0.0600 1.0314
0.5440 -0.8520 -0.0920 1.0150
0.5440 -0.8520 -0.0920 1.0150
0.5440 -0.8520 -0.0920 1.0150
0.5440 -0.8520 -0.0960 1.0154
0.5600 -0.8520 -0.0960 1.0241
0.5600 -0.8520 -0.0960 1.0241
0.5600 -0.8520 -0.0960 1.0241
0.5600 -0.8520 -0.0960 1.0241
0.5600 -0.8520 -0.0960 1.0241
0.5720 -0.8760 -0.0800 1.0493
0.5720 -0.8760 -0.0800 1.0493
0.5720 -0.8760 -0.0800 1.0493
0.5720 -0.8760 -0.0800 1.0493
0.5720 -0.8760 -0.0680 1.0484
0.5320 -0.8800 -0.0840 1.0317
0.5320 -0.8800 -0.0840 1.0317
0.5320 -0.8800 -0.0840 1.0317
0.5320 -0.8800 -0.0880 1.0321
0.5480 -0.8680 -0.0720 1.0290
0.5480 -0.8680 -0.0720 1.0290
0.5480 -0.8680 -0.0720 1.0290
0.5480 -0.8680 -0.0720 1.0290
0.5480 -0.8680 -0.0760 1.0293
0.5480 -0.8680 -0.1080 1.0322
0.5480 -0.8680 -0.1080 1.0322
0.5480 -0.8680 -0.1080 1.0322
0.5480 -0.8680 -0.1080 1.0322
0.5560 -0.8680 -0.0880 1.0346
0.5560 -0.8680 -0.0880 1.0346
0.5560 -0.8680 -0.0880 1.0346
0.5560 -0.8680 -0.0880 1.0346
0.5560 -0.8680 -0.0960 1.0353
0.5680 -0.8800 -0.1120 1.0534
0.5680 -0.8800 -0.1120 1.0534
0.5680 -0.8800 -0.1120 1.0534
0.5680 -0.8800 -0.1120 1.0534
0.5680 -0.8800 -0.1000 1.0522
0.5320 -0.8720 -0.1000 1.0264
0.5320 -0.8720 -0.1000 1.0264
0.5320 -0.8720 -0.1000 1.0264
0.5320 -0.8720 -0.1000 1.0264
0.5320 -0.8720 -0.1080 1.0272
0.5280 -0.8640 -0.0920 1.0167
0.5280 -0.8640 -0.0920 1.0167
0.5280 -0.8640 -0.0920 1.0167
0.5280 -0.8640 -0.0880 1.0164
0.5360 -0.8680 -0.1040 1.0254
0.5360 -0.8680 -0.1040 1.0254
0.5360 -0.8680 -0.1040 1.0254
0.5360 -0.8680 -0.1040 1.0254
0.5360 -0.8680 -0.1080 1.0259
0.5720 -0.8760 -0.0920 1.0502
0.5720 -0.8760 -0.0920 1.0502
0.5720 -0.8760 -0.0920 1.0502
0.5720 -0.8760 -0.0960 1.0506
0.5600 -0.8680 -0.0960 1.0374
0.5600 -0.8680 -0.0960 1.0374
0.5600 -0.8680 -0.0960 1.0374
0.5600 -0.8680 -0.0960 1.0374
0.5600 -0.8680 -0.0960 1.0374
0.5640 -0.8760 -0.0760 1.0446
0.5600 -0.8680 -0.0760 1.0358
0.5600 -0.8680 -0.0760 1.0358
0.5600 -0.8680 -0.0760 1.0358
0.5600 -0.8680 -0.0720 1.0355
0.5600 -0.8720 -0.1200 1.0433
0.5600 -0.8720 -0.1200 1.0433
0.5600 -0.8720 -0.1200 1.0433
0.5600 -0.8720 -0.1200 1.0433
0.5600 -0.8720 -0.1200 1.0433
0.5800 -0.8760 -0.1200 1.0574
0.5800 -0.8760 -0.1200 1.0574
0.5800 -0.8760 -0.1200 1.0574
0.5800 -0.8760 -0.1200 1.0574
0.5600 -0.8680 -0.1040 1.0382
0.5600 -0.8680 -0.1040 1.0382
0.5600 -0.8680 -0.1040 1.0382
0.5600 -0.8680 -0.1040 1.0382
0.5600 -0.8680 -0.1080 1.0386
0.5520 -0.8880 -0.0600 1.0473
0.5520 -0.8880 -0.0600 1.0473
0.5520 -0.8880 -0.0600 1.0473
0.5520 -0.8880 -0.0600 1.0473
0.5520 -0.8880 -0.0560 1.0471
0.5360 -0.8800 -0.0720 1.0329
0.5360 -0.8800 -0.0720 1.0329
0.5360 -0.8800 -0.0720 1.0329
0.5360 -0.8800 -0.0680 1.0326
0.5280 -0.8720 -0.1320 1.0279
0.5280 -0.8720 -0.1320 1.0279
0.5280 -0.8720 -0.1320 1.0279
0.5280 -0.8720 -0.1320 1.0279
0.5520 -0.8680 -0.1280 1.0366
0.5720 -0.8760 -0.0960 1.0506
0.5720 -0.8760 -0.0960 1.0506
0.5720 -0.8760 -0.0960 1.0506
0.5720 -0.8760 -0.0960 1.0506
0.5720 -0.8760 -0.0840 1.0496
0.5520 -0.8960 -0.0680 1.0546
0.5520 -0.8960 -0.0680 1.0546
0.5520 -0.8960 -0.0680 1.0546
0.5520 -0.8960 -0.0800 1.0554
0.5560 -0.8960 -0.0800 1.0575
0.5560 -0.8960 -0.0800 1.0575
0.5560 -0.8960 -0.0800 1.0575
0.5560 -0.8960 -0.0800 1.0575
0.5560 -0.8960 -0.0760 1.0572
0.5320 -0.8760 -0.0600 1.0266
0.5320 -0.8760 -0.0600 1.0266
0.5320 -0.8760 -0.0600 1.0266
0.5320 -0.8760 -0.0520 1.0262
0.5360 -0.8800 -0.1000 1.0352
0.5360 -0.8800 -0.1000 1.0352
0.5360 -0.8800 -0.1000 1.0352
0.5360 -0.8800 -0.1000 1.0352
0.5360 -0.8800 -0.1000 1.0352
0.5680 -0.8680 -0.1320 1.0457
0.5680 -0.8680 -0.1320 1.0457
0.5680 -0.8680 -0.1320 1.0457
0.5680 -0.8680 -0.1320 1.0457
0.5680 -0.8680 -0.1400 1.0467
0.5880 -0.8880 -0.1240 1.0722
0.5880 -0.8880 -0.1240 1.0722
0.5880 -0.8880 -0.1280 1.0727
0.5720 -0.8880 -0.1120 1.0622
0.5720 -0.8880 -0.1080 1.0618
0.5600 -0.8720 -0.1400 1.0457
0.5600 -0.8720 -0.1400 1.0457
0.5600 -0.8720 -0.1400 1.0457
0.5600 -0.8720 -0.1320 1.0447
0.5520 -0.8960 -0.1000 1.0571
0.5520 -0.8960 -0.1000 1.0571
0.5520 -0.8960 -0.1000 1.0571
0.5520 -0.8960 -0.1000 1.0571
0.5520 -0.8960 -0.1000 1.0571
0.5360 -0.8960 -0.0680 1.0463
0.5360 -0.8960 -0.0680 1.0463
0.5360 -0.8960 -0.0680 1.0463
0.5360 -0.8960 -0.0680 1.0463
0.5360 -0.8960 -0.0720 1.0466
0.5280 -0.8720 -0.0720 1.0219
0.5280 -0.8720 -0.0720 1.0219
0.5280 -0.8720 -0.0720 1.0219
0.5280 -0.8720 -0.0680 1.0217
0.5320 -0.8760 -0.1160 1.0314
0.5320 -0.8760 -0.1160 1.0314
0.5320 -0.8760 -0.1160 1.0314
0.5320 -0.8760 -0.1160 1.0314
0.5320 -0.8760 -0.1240 1.0324
0.5400 -0.8800 -0.1080 1.0381
0.5400 -0.8800 -0.1080 1.0381
0.5400 -0.8800 -0.1080 1.0381
0.5400 -0.8800 -0.1000 1.0373
0.5200 -0.8760 -0.1000 1.0236
0.5200 -0.8760 -0.1000 1.0236
0.5200 -0.8760 -0.1080 1.0244
0.5320 -0.8680 -0.1080 1.0238
0.5320 -0.8680 -0.1120 1.0242
0.5480 -0.8800 -0.0640 1.0387
0.5480 -0.8800 -0.0640 1.0387
0.5480 -0.8800 -0.0640 1.0387
0.5480 -0.8800 -0.0640 1.0387
0.5480 -0.8800 -0.0600 1.0384
0.5320 -0.8800 -0.0600 1.0301
0.5320 -0.8800 -0.0600 1.0301
0.5320 -0.8800 -0.0600 1.0301
0.5320 -0.8800 -0.0520 1.0296
0.5240 -0.8720 -0.0520 1.0187
0.5240 -0.8720 -0.0520 1.0187
0.5240 -0.8720 -0.0520 1.0187
0.5240 -0.8720 -0.0520 1.0187
0.5240 -0.8720 -0.0600 1.0191
0.5440 -0.8560 -0.0760 1.0171
0.5440 -0.8560 -0.0760 1.0171
0.5440 -0.8560 -0.0760 1.0171
0.5440 -0.8560 -0.0760 1.0171
0.5440 -0.8560 -0.0680 1.0165
0.5560 -0.8680 -0.0840 1.0342
0.5560 -0.8680 -0.0840 1.0342
0.5560 -0.8680 -0.0840 1.0342
0.5560 -0.8680 -0.0960 1.0353
0.5680 -0.8680 -0.0800 1.0404
0.5680 -0.8680 -0.0800 1.0404
0.5680 -0.8680 -0.0800 1.0404
0.5680 -0.8680 -0.0800 1.0404
0.5680 -0.8680 -0.0760 1.0401
0.5560 -0.8880 -0.0440 1.0486
0.5560 -0.8880 -0.0480 1.0488
0.5440 -0.8800 -0.0960 1.0390
0.5440 -0.8800 -0.0960 1.0390
0.5440 -0.8800 -0.0880 1.0383
0.5520 -0.8760 -0.1040 1.0406
0.5520 -0.8760 -0.1040 1.0406
0.5520 -0.8760 -0.1040 1.0406
0.5520 -0.8760 -0.1040 1.0406
0.5520 -0.8760 -0.1000 1.0402
0.5480 -0.8800 -0.1160 1.0431
0.5480 -0.8800 -0.1160 1.0431
0.5480 -0.8800 -0.1160 1.0431
0.5480 -0.8800 -0.1280 1.0446
0.5720 -0.8840 -0.1120 1.0589
0.5720 -0.8840 -0.1120 1.0589
0.5720 -0.8840 -0.1120 1.0589
0.5720 -0.8840 -0.1120 1.0589
0.5720 -0.8840 -0.1120 1.0589
0.5520 -0.8920 -0.0800 1.0520
0.5520 -0.8920 -0.0800 1.0520
0.5520 -0.8920 -0.0800 1.0520
0.5520 -0.8920 -0.0800 1.0520
0.5520 -0.8920 -0.0800 1.0520
0.5280 -0.8720 -0.0800 1.0225
0.5280 -0.8720 -0.0800 1.0225
0.5280 -0.8720 -0.0800 1.0225
0.5280 -0.8720 -0.0720 1.0219
0.5280 -0.8760 -0.1040 1.0281
0.5280 -0.8760 -0.1040 1.0281
0.5280 -0.8760 -0.1040 1.0281
0.5280 -0.8760 -0.1040 1.0281
0.5280 -0.8760 -0.1120 1.0289
0.5440 -0.8800 -0.0520 1.0359
0.5400 -0.8880 -0.0520 1.0406
0.5400 -0.8880 -0.0520 1.0406
0.5400 -0.8880 -0.0520 1.0406
0.5400 -0.8880 -0.0520 1.0406
0.5360 -0.8800 -0.0520 1.0317
0.5360 -0.8800 -0.0520 1.0317
0.5360 -0.8800 -0.0520 1.0317
0.5360 -0.8800 -0.0600 1.0321
0.5520 -0.8720 -0.1080 1.0377
0.5520 -0.8720 -0.1080 1.0377
0.5520 -0.8720 -0.1080 1.0377
0.5520 -0.8720 -0.1080 1.0377
0.5520 -0.8720 -0.1120 1.0381
0.5640 -0.8760 -0.1120 1.0479
0.5640 -0.8760 -0.1120 1.0479
0.5640 -0.8760 -0.1120 1.0479
0.5640 -0.8760 -0.1120 1.0479
0.5640 -0.8760 -0.1040 1.0470
0.5280 -0.8520 -0.1040 1.0077
0.5280 -0.8520 -0.1040 1.0077
0.5280 -0.8520 -0.1040 1.0077
0.5280 -0.8520 -0.1120 1.0086
0.5440 -0.8640 -0.0800 1.0241
0.5440 -0.8640 -0.0800 1.0241
0.5440 -0.8640 -0.0800 1.0241
0.5440 -0.8640 -0.0800 1.0241
0.5440 -0.8640 -0.0680 1.0233
0.5200 -0.8680 -0.1000 1.0168
0.5200 -0.8680 -0.1000 1.0168
0.5200 -0.8680 -0.1000 1.0168
0.5200 -0.8680 -0.1000 1.0168
0.5200 -0.8680 -0.1040 1.0172
0.5320 -0.8760 -0.1000 1.0298
0.5320 -0.8680 -0.1320 1.0266
0.5320 -0.8680 -0.1320 1.0266
0.5320 -0.8680 -0.1320 1.0266
0.5320 -0.8680 -0.1400 1.0276
0.5280 -0.8640 -0.1080 1.0183
0.5280 -0.8640 -0.1080 1.0183
0.5280 -0.8640 -0.1080 1.0183
0.5280 -0.8640 -0.1080 1.0183
0.5280 -0.8520 -0.1240 1.0100
0.5280 -0.8520 -0.1240 1.0100
0.5280 -0.8520 -0.1240 1.0100
0.5280 -0.8520 -0.1240 1.0100
0.5280 -0.8520 -0.1280 1.0105
0.5440 -0.8520 -0.1120 1.0170
0.5440 -0.8520 -0.1120 1.0170
0.5440 -0.8520 -0.1120 1.0170
0.5440 -0.8520 -0.1000 1.0158
0.5520 -0.8760 -0.0840 1.0388
0.5520 -0.8760 -0.0840 1.0388
0.5520 -0.8760 -0.0840 1.0388
0.5520 -0.8760 -0.0840 1.0388
0.5520 -0.8760 -0.0920 1.0395
0.5480 -0.8760 -0.0760 1.0361
0.5480 -0.8760 -0.0760 1.0361
0.5480 -0.8760 -0.0760 1.0361
0.5480 -0.8760 -0.0760 1.0361
0.5480 -0.8760 -0.0800 1.0364
0.5720 -0.8760 -0.0960 1.0506
0.5720 -0.8760 -0.0960 1.0506
0.5720 -0.8760 -0.0960 1.0506
0.5720 -0.8760 -0.0840 1.0496
0.5520 -0.8800 -0.0920 1.0429
0.5480 -0.8800 -0.1080 1.0423
0.5480 -0.8800 -0.1080 1.0423
0.5480 -0.8800 -0.1080 1.0423
0.5480 -0.8800 -0.1000 1.0415
0.5280 -0.8600 -0.1320 1.0177
0.5280 -0.8600 -0.1320 1.0177
0.5280 -0.8600 -0.1320 1.0177
0.5280 -0.8600 -0.1320 1.0177
0.5280 -0.8600 -0.1320 1.0177
0.5520 -0.8680 -0.1480 1.0392
0.5520 -0.8680 -0.1480 1.0392
0.5520 -0.8680 -0.1480 1.0392
0.5520 -0.8680 -0.1560 1.0404
0.5720 -0.8880 -0.1240 1.0635
0.5720 -0.8880 -0.1240 1.0635
0.5720 -0.8880 -0.1240 1.0635
0.5720 -0.8880 -0.1240 1.0635
0.5720 -0.8880 -0.1240 1.0635
0.5720 -0.8960 -0.0760 1.0657
0.5720 -0.8960 -0.0760 1.0657
0.5720 -0.8960 -0.0760 1.0657
0.5720 -0.8960 -0.0760 1.0657
0.5720 -0.8960 -0.0720 1.0655
0.5440 -0.8720 -0.0720 1.0303
0.5440 -0.8720 -0.0720 1.0303
0.5440 -0.8720 -0.0720 1.0303
0.5440 -0.8720 -0.0800 1.0309
0.5520 -0.8680 -0.1120 1.0347
0.5520 -0.8680 -0.1120 1.0347
0.5520 -0.8680 -0.1120 1.0347
0.5520 -0.8680 -0.1080 1.0343
0.5440 -0.8720 -0.1240 1.0352
0.5640 -0.8760 -0.1400 1.0512
0.5640 -0.8760 -0.1400 1.0512
0.5640 -0.8760 -0.1400 1.0512
0.5640 -0.8760 -0.1400 1.0512
0.5640 -0.8760 -0.1320 1.0502
0.5520 -0.8960 -0.0680 1.0546
0.5520 -0.8960 -0.0680 1.0546
0.5520 -0.8960 -0.0680 1.0546
0.5520 -0.8960 -0.0680 1.0546
0.5520 -0.8960 -0.0800 1.0554
0.5440 -0.8800 -0.0640 1.0365
0.5440 -0.8800 -0.0640 1.0365
0.5440 -0.8800 -0.0640 1.0365
0.5440 -0.8800 -0.0520 1.0359
0.5280 -0.8760 -0.0840 1.0263
0.5280 -0.8760 -0.0840 1.0263
0.5280 -0.8760 -0.0840 1.0263
0.5280 -0.8760 -0.0840 1.0263
0.5280 -0.8760 -0.0840 1.0263
0.5320 -0.8680 -0.1000 1.0230
0.5320 -0.8680 -0.1000 1.0230
0.5320 -0.8680 -0.1000 1.0230
0.5320 -0.8680 -0.1080 1.0238
0.5280 -0.8720 -0.0760 1.0222
0.5280 -0.8720 -0.0760 1.0222
0.5280 -0.8720 -0.0760 1.0222
0.5280 -0.8720 -0.0760 1.0222
0.5280 -0.8720 -0.0680 1.0217
0.5200 -0.8720 -0.0680 1.0175
0.5200 -0.8720 -0.0680 1.0175
0.5200 -0.8720 -0.0720 1.0178
0.5360 -0.8800 -0.0720 1.0329
0.5360 -0.8800 -0.0760 1.0332
0.5440 -0.8520 -0.0920 1.0150
0.5440 -0.8520 -0.0920 1.0150
0.5440 -0.8520 -0.0920 1.0150
0.5440 -0.8520 -0.0920 1.0150
0.5440 -0.8520 -0.0840 1.0143
0.5360 -0.8680 -0.1320 1.0287
0.5360 -0.8680 -0.1320 1.0287
0.5360 -0.8680 -0.1320 1.0287
0.5360 -0.8680 -0.1320 1.0287
0.5360 -0.8720 -0.1000 1.0284
0.5360 -0.8720 -0.1000 1.0284
0.5360 -0.8720 -0.1000 1.0284
0.5360 -0.8720 -0.1000 1.0284
0.5360 -0.8720 -0.1080 1.0292
0.5560 -0.8680 -0.1240 1.0382
0.5560 -0.8680 -0.1240 1.0382
0.5560 -0.8680 -0.1240 1.0382
0.5560 -0.8680 -0.1240 1.0382
0.5560 -0.8680 -0.1280 1.0387
0.5600 -0.8800 -0.1440 1.0530
0.5600 -0.8800 -0.1440 1.0530
0.5600 -0.8800 -0.1440 1.0530
0.5600 -0.8800 -0.1320 1.0514
0.5560 -0.9040 -0.1320 1.0695
0.5560 -0.9040 -0.1320 1.0695
0.5560 -0.9040 -0.1320 1.0695
0.5560 -0.9040 -0.1320 1.0695
0.5560 -0.9040 -0.1320 1.0695
0.5280 -0.8720 -0.0680 1.0217
0.5280 -0.8720 -0.0760 1.0222
0.5560 -0.8960 -0.0760 1.0572
0.5560 -0.8960 -0.0760 1.0572
0.5560 -0.8960 -0.0720 1.0569
0.5640 -0.8760 -0.1040 1.0470
0.5640 -0.8760 -0.1040 1.0470
0.5640 -0.8760 -0.1040 1.0470
0.5640 -0.8760 -0.1040 1.0470
0.5640 -0.8760 -0.1080 1.0474
0.5520 -0.8680 -0.1240 1.0361
0.5520 -0.8680 -0.1240 1.0361
0.5520 -0.8680 -0.1240 1.0361
0.5520 -0.8680 -0.1280 1.0366
0.5440 -0.8800 -0.0800 1.0377
0.5440 -0.8800 -0.0800 1.0377
0.5440 -0.8800 -0.0800 1.0377
0.5440 -0.8800 -0.0800 1.0377
0.5440 -0.8800 -0.0680 1.0368
0.5360 -0.8800 -0.0840 1.0338
0.5360 -0.8800 -0.0840 1.0338
0.5360 -0.8800 -0.0840 1.0338
0.5360 -0.8800 -0.0840 1.0338
0.5360 -0.8800 -0.0960 1.0348
0.5720 -0.8680 -0.1280 1.0474
0.5720 -0.8680 -0.1280 1.0474
0.5720 -0.8680 -0.1280 1.0474
0.5720 -0.8680 -0.1160 1.0460
0.5440 -0.8680 -0.1000 1.0293
0.5440 -0.8680 -0.1000 1.0293
0.5440 -0.8680 -0.1000 1.0293
0.5440 -0.8680 -0.1000 1.0293
0.5440 -0.8680 -0.1080 1.0301
0.5480 -0.8800 -0.0680 1.0389
0.5280 -0.8760 -0.1000 1.0277
0.5280 -0.8760 -0.1000 1.0277
0.5280 -0.8760 -0.1000 1.0277
0.5280 -0.8760 -0.1040 1.0281
0.5480 -0.8880 -0.1040 1.0486
0.5480 -0.8880 -0.1040 1.0486
0.5480 -0.8880 -0.1040 1.0486
0.5480 -0.8880 -0.1120 1.0495
0.5680 -0.8960 -0.0960 1.0652
0.5680 -0.8960 -0.0960 1.0652
0.5680 -0.8960 -0.0960 1.0652
0.5680 -0.8960 -0.0960 1.0652
0.5680 -0.8960 -0.0840 1.0642
0.5400 -0.8880 -0.1000 1.0441
0.5400 -0.8880 -0.1000 1.0441
0.5400 -0.8880 -0.1000 1.0441
0.5400 -0.8880 -0.1000 1.0441
0.5400 -0.8880 -0.1000 1.0441
0.5560 -0.8880 -0.1000 1.0525
0.5560 -0.8880 -0.1000 1.0525
0.5560 -0.8880 -0.1000 1.0525
0.5560 -0.8880 -0.1080 1.0533
0.5600 -0.8680 -0.1080 1.0386
0.5600 -0.8680 -0.1080 1.0386
0.5600 -0.8680 -0.1080 1.0386
0.5600 -0.8680 -0.1080 1.0386
0.5600 -0.8680 -0.1000 1.0378
0.5280 -0.8520 -0.1160 1.0090
0.5280 -0.8520 -0.1160 1.0090
0.5280 -0.8520 -0.1160 1.0090
0.5280 -0.8520 -0.1240 1.0100
0.5440 -0.8560 -0.1240 1.0218
0.5480 -0.8680 -0.0920 1.0306
0.5480 -0.8680 -0.0920 1.0306
0.5480 -0.8680 -0.0920 1.0306
0.5480 -0.8680 -0.0920 1.0306
0.5480 -0.8680 -0.0920 1.0306
0.5440 -0.8520 -0.0920 1.0150
0.5440 -0.8520 -0.0920 1.0150
0.5440 -0.8520 -0.0920 1.0150
0.5440 -0.8520 -0.0840 1.0143
0.5320 -0.8720 -0.1320 1.0300
0.5320 -0.8720 -0.1320 1.0300
0.5320 -0.8720 -0.1320 1.0300
0.5320 -0.8720 -0.1320 1.0300
0.5320 -0.8720 -0.1440 1.0316
0.5440 -0.8520 -0.1440 1.0211
0.5440 -0.8520 -0.1440 1.0211
0.5440 -0.8520 -0.1440 1.0211
0.5440 -0.8520 -0.1440 1.0211
0.5560 -0.8720 -0.1280 1.0421
0.5560 -0.8720 -0.1280 1.0421
0.5560 -0.8720 -0.1280 1.0421
0.5560 -0.8720 -0.1280 1.0421
0.5560 -0.8720 -0.1280 1.0421
0.5600 -0.8760 -0.1280 1.0475
0.5600 -0.8760 -0.1280 1.0475
0.5600 -0.8760 -0.1280 1.0475
0.5600 -0.8760 -0.1280 1.0475
0.5600 -0.8760 -0.1280 1.0475
0.5720 -0.8840 -0.1280 1.0607
0.5720 -0.8840 -0.1280 1.0607
0.5720 -0.8840 -0.1280 1.0607
0.5720 -0.8840 -0.1160 1.0593
0.5280 -0.8720 -0.1120 1.0255
0.5560 -0.8840 -0.1440 1.0542
0.5560 -0.8840 -0.1440 1.0542
0.5560 -0.8840 -0.1440 1.0542
0.5560 -0.8840 -0.1320 1.0526
0.5440 -0.8680 -0.1160 1.0309
0.5440 -0.8680 -0.1160 1.0309
0.5440 -0.8680 -0.1160 1.0309
0.5440 -0.8680 -0.1160 1.0309
0.5440 -0.8680 -0.1160 1.0309
0.5680 -0.8680 -0.1160 1.0438
0.5680 -0.8680 -0.1160 1.0438
0.5680 -0.8680 -0.1160 1.0438
0.5680 -0.8680 -0.1160 1.0438
0.5680 -0.8680 -0.1280 1.0452
0.5880 -0.8920 -0.1440 1.0780
0.5880 -0.8920 -0.1440 1.0780
0.5880 -0.8920 -0.1440 1.0780
0.5880 -0.8920 -0.1400 1.0775
0.5560 -0.8880 -0.1080 1.0533
0.5560 -0.8880 -0.1080 1.0533
0.5560 -0.8880 -0.1080 1.0533
0.5560 -0.8880 -0.1080 1.0533
0.5560 -0.8880 -0.1000 1.0525
0.5360 -0.8880 -0.0840 1.0406
0.5360 -0.8880 -0.0840 1.0406
0.5360 -0.8880 -0.0840 1.0406
0.5360 -0.8880 -0.0840 1.0406
0.5360 -0.8880 -0.0920 1.0413
0.5320 -0.8680 -0.1080 1.0238
0.5320 -0.8680 -0.1080 1.0238
0.5320 -0.8680 -0.1120 1.0242
0.5480 -0.8800 -0.1120 1.0427
0.5480 -0.8800 -0.1000 1.0415
0.5440 -0.8760 -0.1320 1.0396
0.5440 -0.8760 -0.1320 1.0396
0.5440 -0.8760 -0.1320 1.0396
0.5440 -0.8760 -0.1400 1.0406
0.5560 -0.8920 -0.1240 1.0584
0.5560 -0.8920 -0.1240 1.0584
0.5560 -0.8920 -0.1240 1.0584
0.5560 -0.8920 -0.1240 1.0584
0.5560 -0.8920 -0.1160 1.0575
0.5480 -0.8800 -0.0840 1.0401
0.5480 -0.8800 -0.0840 1.0401
0.5480 -0.8800 -0.0840 1.0401
0.5480 -0.8800 -0.0840 1.0401
0.5480 -0.8800 -0.0840 1.0401
0.5520 -0.8680 -0.1160 1.0352
0.5520 -0.8680 -0.1160 1.0352
0.5520 -0.8680 -0.1160 1.0352
0.5520 -0.8680 -0.1200 1.0356
0.5520 -0.8800 -0.1040 1.0440
0.5520 -0.8800 -0.1040 1.0440
0.5520 -0.8800 -0.1040 1.0440
0.5520 -0.8800 -0.1040 1.0440
0.5520 -0.8800 -0.1000 1.0436
0.5480 -0.8720 -0.0680 1.0321
0.5480 -0.8720 -0.0680 1.0321
0.5480 -0.8720 -0.0680 1.0321
0.5480 -0.8720 -0.0680 1.0321
0.5280 -0.8680 -0.0840 1.0194
0.5280 -0.8680 -0.0840 1.0194
0.5280 -0.8680 -0.0960 1.0205
0.5480 -0.8760 -0.0960 1.0377
0.5480 -0.8760 -0.0960 1.0377
0.5480 -0.8760 -0.0840 1.0367
0.5280 -0.8800 -0.1000 1.0311
0.5280 -0.8800 -0.1000 1.0311
0.5280 -0.8800 -0.1000 1.0311
0.5280 -0.8800 -0.1080 1.0319
0.5520 -0.8920 -0.1080 1.0545
0.5520 -0.8920 -0.1080 1.0545
0.5520 -0.8920 -0.1080 1.0545
0.5520 -0.8920 -0.1080 1.0545
0.5520 -0.8920 -0.1120 1.0549
0.5520 -0.8880 -0.0960 1.0500
0.5520 -0.8880 -0.0960 1.0500
0.5520 -0.8880 -0.0960 1.0500
0.5520 -0.8880 -0.0880 1.0493
0.5480 -0.8840 -0.0720 1.0426
0.5480 -0.8840 -0.0720 1.0426
0.5480 -0.8840 -0.0720 1.0426
0.5480 -0.8840 -0.0720 1.0426
0.5480 -0.8840 -0.0720 1.0426
0.5480 -0.8720 -0.0880 1.0336
0.5480 -0.8720 -0.0880 1.0336
0.5480 -0.8720 -0.0880 1.0336
0.5480 -0.8720 -0.0880 1.0336
0.5480 -0.8720 -0.0920 1.0340
0.5480 -0.8680 -0.1240 1.0340
0.5480 -0.8680 -0.1240 1.0340
0.5480 -0.8680 -0.1240 1.0340
0.5480 -0.8680 -0.1240 1.0340
0.5720 -0.8800 -0.0920 1.0536
0.5720 -0.8800 -0.0840 1.0529
0.5320 -0.8720 -0.0840 1.0249
0.5320 -0.8720 -0.0840 1.0249
0.5320 -0.8720 -0.0920 1.0256
0.5560 -0.8760 -0.0920 1.0416
0.5560 -0.8760 -0.0920 1.0416
0.5560 -0.8760 -0.0920 1.0416
0.5560 -0.8760 -0.0920 1.0416
0.5560 -0.8760 -0.0880 1.0413
0.5520 -0.8800 -0.0720 1.0413
0.5520 -0.8800 -0.0720 1.0413
0.5520 -0.8800 -0.0720 1.0413
0.5520 -0.8800 -0.0720 1.0413
0.5600 -0.8720 -0.0720 1.0388
0.5600 -0.8720 -0.0720 1.0388
0.5600 -0.8720 -0.0720 1.0388
0.5600 -0.8720 -0.0720 1.0388
0.5600 -0.8720 -0.0720 1.0388
0.5280 -0.8680 -0.0880 1.0198
0.5280 -0.8680 -0.0880 1.0198
0.5280 -0.8680 -0.0880 1.0198
0.5280 -0.8680 -0.0880 1.0198
0.5280 -0.8680 -0.0920 1.0201
0.5520 -0.8680 -0.0920 1.0328
0.5520 -0.8680 -0.0920 1.0328
0.5520 -0.8680 -0.0920 1.0328
0.5520 -0.8680 -0.0880 1.0324
0.5440 -0.8680 -0.1200 1.0314
0.5440 -0.8680 -0.1200 1.0314
0.5440 -0.8680 -0.1200 1.0314
0.5440 -0.8680 -0.1200 1.0314
0.5440 -0.8680 -0.1280 1.0323
0.5480 -0.8680 -0.1080 1.0322
0.5280 -0.8920 -0.1240 1.0439
0.5280 -0.8920 -0.1240 1.0439
0.5280 -0.8920 -0.1240 1.0439
0.5280 -0.8920 -0.1200 1.0435
0.5280 -0.8680 -0.1040 1.0213
0.5280 -0.8680 -0.1040 1.0213
0.5280 -0.8680 -0.1040 1.0213
0.5280 -0.8680 -0.1040 1.0213
0.5280 -0.8680 -0.1080 1.0217
0.5280 -0.8560 -0.0920 1.0099
0.5280 -0.8560 -0.0920 1.0099
0.5280 -0.8560 -0.0920 1.0099
0.5280 -0.8560 -0.0880 1.0096
0.5360 -0.8680 -0.1200 1.0272
0.5360 -0.8680 -0.1200 1.0272
0.5360 -0.8680 -0.1200 1.0272
0.5360 -0.8680 -0.1200 1.0272
0.5360 -0.8680 -0.1160 1.0267
0.5320 -0.8680 -0.1000 1.0230
0.5320 -0.8680 -0.1000 1.0230
0.5320 -0.8680 -0.1000 1.0230
0.5320 -0.8680 -0.1120 1.0242
0.5480 -0.8680 -0.1120 1.0326
0.5480 -0.8680 -0.1120 1.0326
0.5480 -0.8680 -0.1120 1.0326
0.5480 -0.8680 -0.1120 1.0326
0.5480 -0.8680 -0.1080 1.0322
0.5680 -0.8720 -0.0920 1.0447
0.5680 -0.8720 -0.0920 1.0447
0.5680 -0.8720 -0.0920 1.0447
0.5680 -0.8720 -0.0920 1.0447
0.5680 -0.8720 -0.0840 1.0441
0.5720 -0.8960 -0.0880 1.0667
0.5520 -0.8960 -0.1040 1.0575
0.5520 -0.8960 -0.1040 1.0575
0.5520 -0.8960 -0.1040 1.0575
0.5520 -0.8960 -0.1040 1.0575
0.5360 -0.8680 -0.1200 1.0272
0.5360 -0.8680 -0.1200 1.0272
0.5360 -0.8680 -0.1200 1.0272
0.5360 -0.8680 -0.1240 1.0277
0.5720 -0.8680 -0.1240 1.0469
0.5720 -0.8680 -0.1240 1.0469
0.5720 -0.8680 -0.1240 1.0469
0.5720 -0.8680 -0.1240 1.0469
0.5720 -0.8680 -0.1200 1.0464
0.5520 -0.8720 -0.1040 1.0373
0.5520 -0.8720 -0.1040 1.0373
0.5520 -0.8720 -0.1040 1.0373
0.5520 -0.8720 -0.1040 1.0373
0.5520 -0.8720 -0.1000 1.0369
0.5280 -0.8640 -0.0520 1.0139
0.5280 -0.8640 -0.0520 1.0139
0.5280 -0.8640 -0.0520 1.0139
0.5280 -0.8640 -0.0640 1.0146
0.5520 -0.8800 -0.0800 1.0419
0.5520 -0.8800 -0.0800 1.0419
0.5520 -0.8800 -0.0800 1.0419
0.5520 -0.8800 -0.0800 1.0419
0.5520 -0.8800 -0.0800 1.0419
0.5600 -0.8560 -0.0960 1.0274
0.5600 -0.8560 -0.0960 1.0274
0.5600 -0.8560 -0.0960 1.0274
0.5600 -0.8560 -0.0880 1.0267
0.5480 -0.8720 -0.1080 1.0355
0.5600 -0.8800 -0.0920 1.0471
0.5600 -0.8800 -0.0920 1.0471
0.5600 -0.8800 -0.0920 1.0471
0.5600 -0.8800 -0.0920 1.0471
0.5600 -0.8800 -0.0880 1.0468
0.5520 -0.8920 -0.1040 1.0541
0.5520 -0.8920 -0.1040 1.0541
0.5520 -0.8920 -0.1040 1.0541
0.5520 -0.8920 -0.1120 1.0549
0.5320 -0.8720 -0.0960 1.0260
0.5320 -0.8720 -0.0960 1.0260
0.5320 -0.8720 -0.0960 1.0260
0.5320 -0.8720 -0.0960 1.0260
0.5320 -0.8720 -0.0840 1.0249
0.5360 -0.8680 -0.1000 1.0250
0.5360 -0.8680 -0.1000 1.0250
0.5360 -0.8680 -0.1000 1.0250
0.5360 -0.8680 -0.1000 1.0250
0.5520 -0.8920 -0.1160 1.0554
0.5520 -0.8920 -0.1160 1.0554
0.5520 -0.8920 -0.1160 1.0554
0.5520 -0.8920 -0.1160 1.0554
0.5520 -0.8920 -0.1240 1.0563
0.5560 -0.8960 -0.1240 1.0618
0.5560 -0.8960 -0.1240 1.0618
0.5560 -0.8960 -0.1240 1.0618
0.5560 -0.8960 -0.1240 1.0618
0.5560 -0.8960 -0.1160 1.0609
0.5440 -0.8760 -0.1000 1.0360
0.5440 -0.8760 -0.1000 1.0360
0.5440 -0.8760 -0.1040 1.0364
0.5480 -0.8680 -0.1040 1.0318
0.5480 -0.8680 -0.1000 1.0314
0.5600 -0.8800 -0.0840 1.0464
0.5600 -0.8800 -0.0840 1.0464
0.5600 -0.8800 -0.0840 1.0464
0.5600 -0.8800 -0.0960 1.0475
0.5680 -0.8840 -0.1120 1.0567
0.5680 -0.8840 -0.1120 1.0567
0.5680 -0.8840 -0.1120 1.0567
0.5680 -0.8840 -0.1120 1.0567
0.5680 -0.8840 -0.1080 1.0563
0.5480 -0.8960 -0.0600 1.0520
0.5480 -0.8960 -0.0600 1.0520
0.5480 -0.8960 -0.0600 1.0520
0.5480 -0.8960 -0.0600 1.0520
0.5480 -0.8960 -0.0520 1.0516
0.5400 -0.8840 -0.0680 1.0381
0.5400 -0.8840 -0.0680 1.0381
0.5400 -0.8840 -0.0680 1.0381
0.5400 -0.8840 -0.0720 1.0384
0.5400 -0.8680 -0.1360 1.0313
0.5400 -0.8680 -0.1360 1.0313
0.5400 -0.8680 -0.1360 1.0313
0.5400 -0.8680 -0.1360 1.0313
0.5400 -0.8680 -0.1400 1.0318
0.5680 -0.8800 -0.1560 1.0589
0.5680 -0.8800 -0.1560 1.0589
0.5680 -0.8800 -0.1560 1.0589
0.5680 -0.8800 -0.1560 1.0589
0.5600 -0.8760 -0.1240 1.0471
0.5600 -0.8760 -0.1240 1.0471
0.5600 -0.8760 -0.1160 1.0462
0.5480 -0.8800 -0.1000 1.0415
0.5480 -0.8800 -0.1000 1.0415
0.5480 -0.8800 -0.1080 1.0423
0.5600 -0.8720 -0.0600 1.0381
0.5600 -0.8720 -0.0600 1.0381
0.5600 -0.8720 -0.0600 1.0381
0.5600 -0.8720 -0.0560 1.0378
0.5360 -0.8680 -0.0720 1.0227
0.5360 -0.8680 -0.0720 1.0227
0.5360 -0.8680 -0.0720 1.0227
0.5360 -0.8680 -0.0720 1.0227
0.5360 -0.8680 -0.0680 1.0224
0.5160 -0.8640 -0.0840 1.0099
0.5160 -0.8640 -0.0840 1.0099
0.5160 -0.8640 -0.0840 1.0099
0.5160 -0.8640 -0.0920 1.0106
0.5480 -0.8520 -0.1080 1.0188
0.5480 -0.8520 -0.1080 1.0188
0.5480 -0.8520 -0.1080 1.0188
0.5480 -0.8520 -0.1080 1.0188
0.5480 -0.8520 -0.1120 1.0192
0.5600 -0.8720 -0.1280 1.0442
0.5600 -0.8720 -0.1280 1.0442
0.5600 -0.8720 -0.1280 1.0442
0.5600 -0.8720 -0.1280 1.0442
0.5600 -0.8720 -0.1240 1.0437
0.5600 -0.8800 -0.0920 1.0471
0.5600 -0.8800 -0.0920 1.0471
0.5600 -0.8800 -0.0920 1.0471
0.5600 -0.8800 -0.0880 1.0468
0.5480 -0.8680 -0.0880 1.0303
0.5480 -0.8680 -0.0920 1.0306
0.5440 -0.8600 -0.0720 1.0202
0.5280 -0.8640 -0.0880 1.0164
0.5280 -0.8640 -0.0880 1.0164
0.5280 -0.8640 -0.0880 1.0164
0.5280 -0.8640 -0.0960 1.0171
0.5280 -0.8520 -0.1120 1.0086
0.5280 -0.8520 -0.1120 1.0086
0.5280 -0.8520 -0.1120 1.0086
0.5280 -0.8520 -0.1120 1.0086
0.5280 -0.8520 -0.1000 1.0073
0.5480 -0.8520 -0.1320 1.0216
0.5480 -0.8520 -0.1320 1.0216
0.5480 -0.8520 -0.1320 1.0216
0.5480 -0.8520 -0.1320 1.0216
0.5640 -0.8680 -0.1160 1.0416
0.5640 -0.8680 -0.1160 1.0416
0.5640 -0.8680 -0.1160 1.0416
0.5640 -0.8680 -0.1160 1.0416
0.5640 -0.8680 -0.1200 1.0421
0.5600 -0.8800 -0.0560 1.0446
0.5600 -0.8800 -0.0560 1.0446
0.5600 -0.8800 -0.0560 1.0446
0.5600 -0.8800 -0.0560 1.0446
0.5600 -0.8800 -0.0560 1.0446
0.5480 -0.8760 -0.0720 1.0358
0.5480 -0.8760 -0.0720 1.0358
0.5480 -0.8760 -0.0720 1.0358
0.5480 -0.8760 -0.0760 1.0361
0.5480 -0.8680 -0.1080 1.0322
0.5480 -0.8680 -0.1080 1.0322
0.5480 -0.8680 -0.1080 1.0322
0.5480 -0.8680 -0.1040 1.0318
0.5560 -0.8880 -0.1000 1.0525
0.5560 -0.8880 -0.0840 1.0511
0.5560 -0.8880 -0.0840 1.0511
0.5560 -0.8880 -0.0840 1.0511
0.5560 -0.8880 -0.0840 1.0511
0.5560 -0.8880 -0.0920 1.0517
0.5360 -0.8840 -0.1080 1.0394
0.5360 -0.8840 -0.1080 1.0394
0.5360 -0.8840 -0.1080 1.0394
0.5360 -0.8840 -0.1080 1.0394
0.5360 -0.8840 -0.1080 1.0394
0.5360 -0.8800 -0.0600 1.0321
0.5360 -0.8800 -0.0600 1.0321
0.5360 -0.8800 -0.0600 1.0321
0.5360 -0.8800 -0.0520 1.0317
0.5400 -0.8680 -0.1000 1.0271
0.5400 -0.8680 -0.1000 1.0271
0.5400 -0.8680 -0.1000 1.0271
0.5400 -0.8680 -0.1000 1.0271
0.5400 -0.8680 -0.1000 1.0271
0.5560 -0.8720 -0.1000 1.0390
0.5560 -0.8720 -0.1000 1.0390
0.5560 -0.8720 -0.1000 1.0390
0.5560 -0.8720 -0.1000 1.0390
0.5440 -0.8800 -0.1000 1.0394
0.5440 -0.8800 -0.1000 1.0394
0.5440 -0.8800 -0.1000 1.0394
0.5440 -0.8800 -0.1000 1.0394
0.5440 -0.8800 -0.1040 1.0398
0.5520 -0.8680 -0.0880 1.0324
0.5520 -0.8680 -0.0880 1.0324
0.5520 -0.8680 -0.0920 1.0328
0.5480 -0.8760 -0.0920 1.0374
0.5480 -0.8760 -0.0880 1.0370
0.5720 -0.8880 -0.0560 1.0578
0.5720 -0.8880 -0.0560 1.0578
0.5720 -0.8880 -0.0560 1.0578
0.5720 -0.8880 -0.0560 1.0578
0.5720 -0.8880 -0.0520 1.0576
0.5280 -0.8800 -0.0520 1.0276
0.5280 -0.8800 -0.0520 1.0276
0.5280 -0.8800 -0.0520 1.0276
0.5280 -0.8800 -0.0560 1.0278
0.5520 -0.8800 -0.0880 1.0425
0.5520 -0.8800 -0.0880 1.0425
0.5520 -0.8800 -0.0880 1.0425
0.5520 -0.8800 -0.0880 1.0425
0.5520 -0.8800 -0.0960 1.0432
0.5480 -0.8520 -0.1280 1.0211
0.5480 -0.8520 -0.1280 1.0211
0.5480 -0.8520 -0.1280 1.0211
0.5480 -0.8520 -0.1240 1.0206
0.5320 -0.8720 -0.1400 1.0310
0.5320 -0.8720 -0.1400 1.0310
0.5320 -0.8720 -0.1400 1.0310
0.5320 -0.8720 -0.1400 1.0310
0.5320 -0.8720 -0.1400 1.0310
0.5320 -0.8760 -0.1240 1.0324
0.5320 -0.8760 -0.1240 1.0324
0.5320 -0.8760 -0.1240 1.0324
0.5320 -0.8760 -0.1240 1.0324
0.5320 -0.8760 -0.1160 1.0314
0.5360 -0.8800 -0.1000 1.0352
0.5360 -0.8800 -0.1000 1.0352
0.5320 -0.8760 -0.1160 1.0314
0.5320 -0.8760 -0.1160 1.0314
0.5320 -0.8760 -0.1280 1.0329
0.5360 -0.8800 -0.0800 1.0335
0.5360 -0.8800 -0.0800 1.0335
0.5360 -0.8800 -0.0800 1.0335
0.5360 -0.8800 -0.0760 1.0332
0.5200 -0.8640 -0.0600 1.0102
0.5200 -0.8640 -0.0600 1.0102
0.5200 -0.8640 -0.0600 1.0102
0.5200 -0.8640 -0.0600 1.0102
0.5200 -0.8640 -0.0600 1.0102
0.5440 -0.8640 -0.0760 1.0238
0.5440 -0.8640 -0.0760 1.0238
0.5440 -0.8640 -0.0760 1.0238
0.5440 -0.8640 -0.0760 1.0238
0.5440 -0.8640 -0.0720 1.0235
0.5720 -0.8720 -0.1200 1.0497
0.5720 -0.8720 -0.1200 1.0497
0.5720 -0.8720 -0.1200 1.0497
0.5720 -0.8720 -0.1160 1.0493
0.5560 -0.8720 -0.0680 1.0364
0.5560 -0.8720 -0.0680 1.0364
0.5560 -0.8720 -0.0680 1.0364
0.5560 -0.8720 -0.0680 1.0364
0.5560 -0.8720 -0.0680 1.0364
0.5360 -0.8800 -0.0680 1.0326
0.5360 -0.8800 -0.0680 1.0326
0.5360 -0.8800 -0.0680 1.0326
0.5360 -0.8800 -0.0680 1.0326
0.5360 -0.8800 -0.0760 1.0332
0.5720 -0.8760 -0.1000 1.0510
0.5680 -0.8800 -0.0680 1.0496
0.5680 -0.8800 -0.0680 1.0496
0.5680 -0.8800 -0.0680 1.0496
0.5680 -0.8800 -0.0720 1.0499
0.5680 -0.8680 -0.0560 1.0388
0.5680 -0.8680 -0.0560 1.0388
0.5680 -0.8680 -0.0560 1.0388
0.5680 -0.8680 -0.0560 1.0388
0.5480 -0.8800 -0.0720 1.0392
0.5480 -0.8800 -0.0720 1.0392
0.5480 -0.8800 -0.0720 1.0392
0.5480 -0.8800 -0.0720 1.0392
0.5480 -0.8800 -0.0680 1.0389
0.5440 -0.8640 -0.0680 1.0233
0.5440 -0.8640 -0.0680 1.0233
0.5440 -0.8640 -0.0680 1.0233
0.5440 -0.8640 -0.0680 1.0233
0.5440 -0.8640 -0.0800 1.0241
0.5480 -0.8720 -0.1120 1.0360
0.5480 -0.8720 -0.1120 1.0360
0.5480 -0.8720 -0.1120 1.0360
0.5480 -0.8720 -0.1000 1.0347
0.5280 -0.8640 -0.1000 1.0175
0.5280 -0.8640 -0.1000 1.0175
0.5280 -0.8640 -0.1000 1.0175
0.5280 -0.8640 -0.1000 1.0175
0.5280 -0.8640 -0.1080 1.0183
0.5480 -0.8520 -0.1400 1.0226
0.5480 -0.8520 -0.1400 1.0226
0.5480 -0.8520 -0.1400 1.0226
0.5480 -0.8520 -0.1400 1.0226
0.5680 -0.8680 -0.1240 1.0447
0.5680 -0.8680 -0.1080 1.0429
0.5680 -0.8680 -0.1080 1.0429
0.5680 -0.8680 -0.1080 1.0429
0.5680 -0.8680 -0.1080 1.0429
0.5440 -0.8560 -0.1080 1.0200
0.5440 -0.8560 -0.1080 1.0200
0.5440 -0.8560 -0.1080 1.0200
0.5440 -0.8560 -0.1080 1.0200
0.5440 -0.8560 -0.1120 1.0204
0.5640 -0.8560 -0.1280 1.0331
0.5640 -0.8560 -0.1280 1.0331
0.5640 -0.8560 -0.1280 1.0331
0.5640 -0.8560 -0.1280 1.0331
0.5640 -0.8560 -0.1200 1.0321
0.5600 -0.8720 -0.1360 1.0452
0.5600 -0.8720 -0.1360 1.0452
0.5600 -0.8720 -0.1360 1.0452
0.5600 -0.8720 -0.1440 1.0463
0.5640 -0.8880 -0.1280 1.0597
0.5640 -0.8880 -0.1280 1.0597
0.5640 -0.8880 -0.1280 1.0597
0.5640 -0.8880 -0.1280 1.0597
0.5640 -0.8880 -0.1200 1.0588
0.5480 -0.8960 -0.0880 1.0540
0.5480 -0.8960 -0.0880 1.0540
0.5480 -0.8960 -0.0880 1.0540
0.5480 -0.8960 -0.0880 1.0540
0.5480 -0.8960 -0.0880 1.0540
0.5280 -0.8760 -0.0880 1.0266
0.5280 -0.8760 -0.0880 1.0266
0.5280 -0.8760 -0.0880 1.0266
0.5280 -0.8760 -0.0960 1.0273
0.5440 -0.8760 -0.1080 1.0368
0.5480 -0.8680 -0.0760 1.0293
0.5480 -0.8680 -0.0760 1.0293
0.5480 -0.8680 -0.0760 1.0293
0.5480 -0.8680 -0.0720 1.0290
0.5280 -0.8640 -0.0560 1.0141
0.5280 -0.8640 -0.0560 1.0141
0.5280 -0.8640 -0.0560 1.0141
0.5280 -0.8640 -0.0560 1.0141
0.5280 -0.8640 -0.0640 1.0146
0.5560 -0.8720 -0.0960 1.0386
0.5560 -0.8720 -0.0960 1.0386
0.5560 -0.8720 -0.0960 1.0386
0.5560 -0.8720 -0.0960 1.0386
0.5720 -0.8800 -0.1120 1.0555
0.5720 -0.8800 -0.1120 1.0555
0.5720 -0.8800 -0.1120 1.0555
0.5720 -0.8800 -0.1120 1.0555
0.5720 -0.8800 -0.1000 1.0543
0.5320 -0.8720 -0.1000 1.0264
0.5320 -0.8720 -0.1000 1.0264
0.5320 -0.8720 -0.1000 1.0264
0.5320 -0.8720 -0.1000 1.0264
0.5320 -0.8720 -0.1000 1.0264
0.5400 -0.8720 -0.1000 1.0305
0.5400 -0.8720 -0.1000 1.0305
0.5400 -0.8720 -0.1000 1.0305
0.5400 -0.8720 -0.1000 1.0305
0.5400 -0.8800 -0.1320 1.0409
0.5400 -0.8800 -0.1320 1.0409
0.5400 -0.8800 -0.1320 1.0409
0.5400 -0.8800 -0.1440 1.0425
0.5520 -0.8720 -0.1080 1.0377
0.5520 -0.8800 -0.1080 1.0444
0.5520 -0.8800 -0.1080 1.0444
0.5520 -0.8800 -0.1080 1.0444
0.5520 -0.8800 -0.1080 1.0444
0.5520 -0.8800 -0.1080 1.0444
0.5480 -0.8720 -0.0920 1.0340
0.5480 -0.8720 -0.0920 1.0340
0.5480 -0.8720 -0.0920 1.0340
0.5480 -0.8720 -0.0920 1.0340
0.5480 -0.8720 -0.0920 1.0340
0.5280 -0.8800 -0.0920 1.0304
0.5280 -0.8800 -0.0920 1.0304
0.5280 -0.8800 -0.0920 1.0304
0.5280 -0.8800 -0.0920 1.0304
0.5520 -0.8680 -0.0600 1.0304
0.5520 -0.8680 -0.0600 1.0304
0.5520 -0.8680 -0.0600 1.0304
0.5520 -0.8680 -0.0600 1.0304
0.5520 -0.8680 -0.0600 1.0304
0.5560 -0.8760 -0.0600 1.0393
0.5560 -0.8760 -0.0600 1.0393
0.5560 -0.8760 -0.0600 1.0393
0.5560 -0.8760 -0.0520 1.0389
0.5400 -0.8800 -0.0840 1.0359
0.5400 -0.8800 -0.0840 1.0359
0.5400 -0.8800 -0.0840 1.0359
0.5400 -0.8800 -0.0840 1.0359
0.5400 -0.8800 -0.0880 1.0362
0.5600 -0.8600 -0.1200 1.0332
0.5600 -0.8600 -0.1200 1.0332
0.5600 -0.8600 -0.1280 1.0342
0.5720 -0.8760 -0.1120 1.0522
0.5720 -0.8760 -0.1120 1.0522
0.5440 -0.8640 -0.0960 1.0255
0.5440 -0.8640 -0.0960 1.0255
0.5440 -0.8640 -0.0960 1.0255
0.5440 -0.8640 -0.0960 1.0255
0.5440 -0.8640 -0.0960 1.0255
0.5440 -0.8760 -0.0960 1.0356
0.5440 -0.8760 -0.0960 1.0356
0.5440 -0.8760 -0.0960 1.0356
0.5440 -0.8760 -0.0960 1.0356
0.5440 -0.8760 -0.0960 1.0356
0.5480 -0.8800 -0.0960 1.0411
0.5480 -0.8800 -0.0960 1.0411
0.5480 -0.8800 -0.0960 1.0411
0.5480 -0.8800 -0.0960 1.0411
0.5480 -0.8800 -0.0960 1.0411
0.5480 -0.8800 -0.0960 1.0411
0.5480 -0.8800 -0.0960 1.0411
0.5480 -0.8800 -0.0960 1.0411
0.5480 -0.8800 -0.0840 1.0401
0.5280 -0.8760 -0.1160 1.0294
0.5280 -0.8760 -0.1160 1.0294
0.5280 -0.8760 -0.1160 1.0294
0.5280 -0.8760 -0.1200 1.0298
0.5440 -0.8800 -0.0880 1.0383
0.5440 -0.8800 -0.0880 1.0383
0.5440 -0.8800 -0.0880 1.0383
0.5440 -0.8800 -0.0880 1.0383
0.5440 -0.8800 -0.0880 1.0383
0.5320 -0.8720 -0.1200 1.0285
0.5320 -0.8720 -0.1160 1.0280
0.5400 -0.8680 -0.1000 1.0271
0.5400 -0.8680 -0.1000 1.0271
0.5400 -0.8680 -0.1120 1.0284
0.5640 -0.8720 -0.0960 1.0429
0.5640 -0.8720 -0.0960 1.0429
0.5640 -0.8720 -0.0960 1.0429
0.5640 -0.8720 -0.0960 1.0429
0.5640 -0.8720 -0.0920 1.0426
0.5560 -0.8960 -0.1240 1.0618
0.5560 -0.8960 -0.1240 1.0618
0.5560 -0.8960 -0.1240 1.0618
0.5560 -0.8960 -0.1160 1.0609
0.5480 -0.8680 -0.1000 1.0314
0.5480 -0.8680 -0.1000 1.0314
0.5480 -0.8680 -0.1000 1.0314
0.5480 -0.8680 -0.1000 1.0314
0.5480 -0.8680 -0.1000 1.0314
0.5480 -0.8800 -0.1000 1.0415
0.5480 -0.8800 -0.1000 1.0415
0.5480 -0.8800 -0.1000 1.0415
0.5480 -0.8800 -0.1000 1.0415
0.5480 -0.8800 -0.1120 1.0427
0.5720 -0.8840 -0.0800 1.0560
0.5720 -0.8840 -0.0800 1.0560
0.5720 -0.8840 -0.0800 1.0560
0.5720 -0.8840 -0.0800 1.0560
0.5600 -0.8760 -0.1120 1.0457
0.5600 -0.8760 -0.1120 1.0457
0.5600 -0.8760 -0.1120 1.0457
0.5600 -0.8760 -0.1120 1.0457
0.5600 -0.8760 -0.1040 1.0449
0.5480 -0.8640 -0.0840 1.0266
0.5640 -0.8640 -0.0520 1.0331
0.5640 -0.8640 -0.0520 1.0331
0.5640 -0.8640 -0.0520 1.0331
0.5640 -0.8640 -0.0600 1.0335
0.5680 -0.8760 -0.1080 1.0496
0.5680 -0.8760 -0.1080 1.0496
0.5680 -0.8760 -0.1080 1.0496
0.5680 -0.8760 -0.1080 1.0496
0.5680 -0.8760 -0.1080 1.0496
0.5560 -0.8680 -0.1240 1.0382
0.5560 -0.8680 -0.1240 1.0382
0.5560 -0.8680 -0.1240 1.0382
0.5560 -0.8680 -0.1280 1.0387
0.5520 -0.8760 -0.1120 1.0415
0.5520 -0.8760 -0.1120 1.0415
0.5520 -0.8760 -0.1120 1.0415
0.5520 -0.8760 -0.1120 1.0415
0.5520 -0.8760 -0.1040 1.0406
0.5360 -0.8680 -0.1200 1.0272
0.5360 -0.8680 -0.1200 1.0272
0.5360 -0.8680 -0.1200 1.0272
0.5360 -0.8680 -0.1200 1.0272
0.5360 -0.8680 -0.1200 1.0272
0.5720 -0.8720 -0.1200 1.0497
0.5720 -0.8720 -0.1200 1.0497
0.5720 -0.8720 -0.1200 1.0497
0.5720 -0.8720 -0.1160 1.0493
0.5440 -0.8720 -0.1160 1.0343
0.5440 -0.8720 -0.1160 1.0343
0.5440 -0.8720 -0.1160 1.0343
0.5440 -0.8720 -0.1160 1.0343
0.5440 -0.8720 -0.1160 1.0343
0.5520 -0.8800 -0.0880 1.0425
0.5720 -0.8760 -0.0720 1.0487
0.5720 -0.8760 -0.0720 1.0487
0.5720 -0.8760 -0.0720 1.0487
0.5720 -0.8760 -0.0680 1.0484
0.5600 -0.8520 -0.1320 1.0281
0.5600 -0.8520 -0.1320 1.0281
0.5600 -0.8520 -0.1320 1.0281
0.5600 -0.8520 -0.1400 1.0291
0.5840 -0.8720 -0.1240 1.0568
0.5840 -0.8720 -0.1240 1.0568
0.5840 -0.8720 -0.1240 1.0568
0.5840 -0.8720 -0.1240 1.0568
0.5840 -0.8720 -0.1200 1.0563
0.5680 -0.8720 -0.0880 1.0444
0.5680 -0.8720 -0.0880 1.0444
0.5680 -0.8720 -0.0880 1.0444
0.5680 -0.8720 -0.0880 1.0444
0.5680 -0.8720 -0.0960 1.0451
0.5400 -0.8720 -0.1120 1.0318
0.5400 -0.8720 -0.1120 1.0318
0.5400 -0.8720 -0.1120 1.0318
0.5400 -0.8720 -0.1080 1.0313
0.5680 -0.8760 -0.0920 1.0481
0.5680 -0.8760 -0.0920 1.0481
0.5680 -0.8760 -0.0920 1.0481
0.5680 -0.8760 -0.0920 1.0481
0.5680 -0.8760 -0.0840 1.0474
0.5440 -0.8720 -0.0680 1.0300
0.5440 -0.8720 -0.0680 1.0300
0.5440 -0.8720 -0.0680 1.0300
0.5440 -0.8720 -0.0800 1.0309
0.5600 -0.8680 -0.0760 1.0358
0.5680 -0.8800 -0.0440 1.0483
0.5680 -0.8800 -0.0440 1.0483
0.5680 -0.8800 -0.0440 1.0483
0.5680 -0.8800 -0.0440 1.0483
0.5680 -0.8800 -0.0440 1.0483
0.5640 -0.8920 -0.0600 1.0571
0.5640 -0.8920 -0.0600 1.0571
0.5640 -0.8920 -0.0600 1.0571
0.5640 -0.8920 -0.0560 1.0568
0.5360 -0.8880 -0.0400 1.0380
0.5360 -0.8880 -0.0400 1.0380
0.5360 -0.8880 -0.0400 1.0380
0.5360 -0.8880 -0.0400 1.0380
0.5360 -0.8880 -0.0400 1.0380
0.5240 -0.8920 -0.0560 1.0360
0.5240 -0.8920 -0.0560 1.0360
0.5240 -0.8920 -0.0560 1.0360
0.5240 -0.8920 -0.0600 1.0363
0.5280 -0.8720 -0.0920 1.0235
0.5280 -0.8720 -0.0920 1.0235
0.5280 -0.8720 -0.0920 1.0235
0.5280 -0.8720 -0.0920 1.0235
0.5280 -0.8720 -0.0920 1.0235
0.5480 -0.8720 -0.1080 1.0355
0.5480 -0.8720 -0.1080 1.0355
0.5480 -0.8720 -0.1080 1.0355
0.5480 -0.8720 -0.1080 1.0355
0.5480 -0.8720 -0.1040 1.0351
0.5480 -0.8680 -0.1360 1.0355
0.5480 -0.8680 -0.1360 1.0355
0.5480 -0.8680 -0.1400 1.0360
0.5440 -0.8800 -0.1080 1.0402
0.5440 -0.8800 -0.1000 1.0394
0.5240 -0.8680 -0.1000 1.0188
0.5240 -0.8680 -0.1000 1.0188
0.5240 -0.8680 -0.1000 1.0188
0.5240 -0.8680 -0.1040 1.0192
0.5160 -0.8520 -0.1360 1.0053
0.5160 -0.8520 -0.1360 1.0053
0.5160 -0.8520 -0.1360 1.0053
0.5160 -0.8520 -0.1360 1.0053
0.5160 -0.8520 -0.1320 1.0048
0.5520 -0.8800 -0.1160 1.0453
0.5520 -0.8800 -0.1160 1.0453
0.5520 -0.8800 -0.1160 1.0453
0.5520 -0.8800 -0.1160 1.0453
0.5520 -0.8800 -0.1160 1.0453
0.5440 -0.8720 -0.1320 1.0362
0.5440 -0.8720 -0.1320 1.0362
0.5440 -0.8720 -0.1320 1.0362
0.5440 -0.8720 -0.1320 1.0362
0.5560 -0.8840 -0.1000 1.0491
0.5560 -0.8840 -0.1000 1.0491
0.5560 -0.8840 -0.1000 1.0491
0.5560 -0.8840 -0.1000 1.0491
0.5560 -0.8840 -0.1000 1.0491
0.5280 -0.8800 -0.0840 1.0297
0.5280 -0.8800 -0.0840 1.0297
0.5280 -0.8800 -0.0840 1.0297
0.5280 -0.8800 -0.0840 1.0297
0.5280 -0.8800 -0.0840 1.0297
0.5280 -0.8800 -0.1000 1.0311
0.5280 -0.8800 -0.1120 1.0323
0.5480 -0.8720 -0.1120 1.0360
0.5480 -0.8720 -0.1120 1.0360
0.5480 -0.8720 -0.1080 1.0355
0.5680 -0.8720 -0.0920 1.0447
0.5680 -0.8720 -0.0920 1.0447
0.5680 -0.8720 -0.0920 1.0447
0.5680 -0.8720 -0.0920 1.0447
0.5560 -0.8960 -0.1080 1.0600
0.5560 -0.8960 -0.1080 1.0600
0.5560 -0.8960 -0.1080 1.0600
0.5560 -0.8960 -0.1080 1.0600
0.5560 -0.8960 -0.1000 1.0592
0.5400 -0.8880 -0.0680 1.0415
0.5400 -0.8880 -0.0680 1.0415
0.5400 -0.8880 -0.0680 1.0415
0.5400 -0.8880 -0.0680 1.0415
0.5400 -0.8880 -0.0720 1.0418
0.5320 -0.8720 -0.0560 1.0230
0.5320 -0.8720 -0.0560 1.0230
0.5320 -0.8720 -0.0560 1.0230
0.5320 -0.8720 -0.0560 1.0230
0.5360 -0.8680 -0.1040 1.0254
0.5360 -0.8680 -0.1040 1.0254
0.5360 -0.8680 -0.1040 1.0254
0.5360 -0.8680 -0.1040 1.0254
0.5360 -0.8680 -0.1080 1.0259
0.5600 -0.8640 -0.1240 1.0370
0.5600 -0.8640 -0.1240 1.0370
0.5600 -0.8640 -0.1240 1.0370
0.5600 -0.8640 -0.1200 1.0366
0.5720 -0.8720 -0.1200 1.0497
0.5720 -0.8720 -0.1280 1.0507
0.5680 -0.8720 -0.1120 1.0467
0.5680 -0.8720 -0.1120 1.0467
0.5680 -0.8720 -0.1120 1.0467
0.5800 -0.8720 -0.1280 1.0551
0.5800 -0.8720 -0.1280 1.0551
0.5800 -0.8720 -0.1280 1.0551
0.5800 -0.8720 -0.1280 1.0551
0.5800 -0.8720 -0.1240 1.0546
0.5680 -0.8800 -0.0920 1.0514
0.5680 -0.8800 -0.0920 1.0514
0.5680 -0.8800 -0.0920 1.0514
0.5680 -0.8800 -0.0920 1.0514
0.5680 -0.8800 -0.0960 1.0518
0.5720 -0.8800 -0.0960 1.0539
0.5720 -0.8800 -0.0960 1.0539
0.5720 -0.8800 -0.0960 1.0539
0.5720 -0.8800 -0.0960 1.0539
0.5680 -0.8720 -0.1120 1.0467
0.5680 -0.8720 -0.1120 1.0467
0.5680 -0.8720 -0.1120 1.0467
0.5680 -0.8720 -0.1120 1.0467
0.5680 -0.8720 -0.1000 1.0455
0.5520 -0.8960 -0.1160 1.0588
0.5520 -0.8960 -0.1160 1.0588
0.5520 -0.8960 -0.1160 1.0588
0.5520 -0.8960 -0.1280 1.0601
0.5720 -0.8840 -0.1280 1.0607
0.5720 -0.8840 -0.1280 1.0607
0.5720 -0.8840 -0.1280 1.0607
0.5720 -0.8840 -0.1280 1.0607
0.5720 -0.8840 -0.1240 1.0602
0.5440 -0.8760 -0.1240 1.0386
0.5520 -0.8720 -0.1240 1.0395
0.5520 -0.8720 -0.1240 1.0395
0.5520 -0.8720 -0.1240 1.0395
0.5520 -0.8720 -0.1200 1.0390
0.5280 -0.8760 -0.0880 1.0266
0.5280 -0.8760 -0.0880 1.0266
0.5280 -0.8760 -0.0880 1.0266
0.5280 -0.8760 -0.0880 1.0266
0.5280 -0.8760 -0.0920 1.0269
0.5400 -0.8680 -0.0760 1.0251
0.5400 -0.8680 -0.0760 1.0251
0.5400 -0.8680 -0.0760 1.0251
0.5400 -0.8680 -0.0760 1.0251
0.5520 -0.8680 -0.1080 1.0343
0.5520 -0.8680 -0.1080 1.0343
0.5520 -0.8680 -0.1080 1.0343
0.5520 -0.8680 -0.1080 1.0343
0.5520 -0.8680 -0.1080 1.0343
0.5480 -0.8800 -0.1080 1.0423
0.5480 -0.8800 -0.1080 1.0423
0.5480 -0.8800 -0.1080 1.0423
0.5480 -0.8800 -0.1080 1.0423
0.5480 -0.8800 -0.1000 1.0415
0.5360 -0.8720 -0.1000 1.0284
0.5360 -0.8720 -0.1000 1.0284
0.5360 -0.8720 -0.1000 1.0284
0.5360 -0.8720 -0.1120 1.0297
0.5440 -0.8600 -0.0800 1.0208
0.5440 -0.8600 -0.0800 1.0208
0.5440 -0.8600 -0.0800 1.0208
0.5440 -0.8600 -0.0800 1.0208
0.5440 -0.8600 -0.0800 1.0208
0.5520 -0.8800 -0.0720 1.0413
0.5560 -0.8720 -0.0560 1.0357
0.5560 -0.8720 -0.0560 1.0357
0.5560 -0.8720 -0.0560 1.0357
0.5560 -0.8720 -0.0600 1.0359
0.5560 -0.8720 -0.0760 1.0370
0.5560 -0.8720 -0.0760 1.0370
0.5560 -0.8720 -0.0760 1.0370
0.5560 -0.8720 -0.0760 1.0370
0.5560 -0.8720 -0.0760 1.0370
0.5480 -0.8680 -0.0920 1.0306
0.5480 -0.8680 -0.0920 1.0306
0.5480 -0.8680 -0.0920 1.0306
0.5480 -0.8680 -0.0880 1.0303
0.5480 -0.8680 -0.0720 1.0290
0.5480 -0.8680 -0.0720 1.0290
0.5480 -0.8680 -0.0720 1.0290
0.5480 -0.8680 -0.0720 1.0290
0.5480 -0.8680 -0.0680 1.0288
0.5320 -0.8720 -0.0840 1.0249
0.5320 -0.8720 -0.0840 1.0249
0.5320 -0.8720 -0.0840 1.0249
0.5320 -0.8720 -0.0840 1.0249
0.5320 -0.8720 -0.0880 1.0253
0.5400 -0.8880 -0.0560 1.0408
0.5400 -0.8880 -0.0560 1.0408
0.5400 -0.8880 -0.0560 1.0408
0.5400 -0.8880 -0.0560 1.0408
0.5360 -0.8760 -0.0560 1.0285
0.5360 -0.8760 -0.0560 1.0285
0.5360 -0.8760 -0.0560 1.0285
0.5360 -0.8760 -0.0640 1.0290
0.5440 -0.8600 -0.0800 1.0208
0.5680 -0.8800 -0.0960 1.0518
0.5680 -0.8800 -0.0960 1.0518
0.5680 -0.8800 -0.0960 1.0518
0.5680 -0.8800 -0.0960 1.0518
0.5680 -0.8800 -0.0840 1.0508
0.5720 -0.8880 -0.0680 1.0585
0.5720 -0.8880 -0.0680 1.0585
0.5720 -0.8880 -0.0680 1.0585
0.5720 -0.8880 -0.0680 1.0585
0.5720 -0.8880 -0.0800 1.0593
0.5440 -0.8680 -0.0800 1.0275
0.5440 -0.8680 -0.0800 1.0275
0.5440 -0.8680 -0.0800 1.0275
0.5440 -0.8680 -0.0720 1.0269
0.5320 -0.8720 -0.0880 1.0253
0.5320 -0.8720 -0.0880 1.0253
0.5320 -0.8720 -0.0880 1.0253
0.5320 -0.8720 -0.0880 1.0253
0.5320 -0.8720 -0.0960 1.0260
0.5480 -0.8720 -0.1280 1.0378
0.5480 -0.8720 -0.1280 1.0378
0.5480 -0.8720 -0.1280 1.0378
0.5480 -0.8720 -0.1160 1.0364
0.5280 -0.8760 -0.1000 1.0277
0.5280 -0.8760 -0.1000 1.0277
0.5280 -0.8760 -0.1000 1.0277
0.5280 -0.8760 -0.1000 1.0277
0.5280 -0.8760 -0.1000 1.0277
0.5200 -0.8760 -0.0840 1.0222
0.5200 -0.8760 -0.0840 1.0222
0.5200 -0.8760 -0.0880 1.0225
0.5320 -0.8760 -0.0880 1.0287
0.5320 -0.8760 -0.0960 1.0294
0.5720 -0.8720 -0.1120 1.0489
0.5720 -0.8720 -0.1120 1.0489
0.5720 -0.8720 -0.1120 1.0489
0.5720 -0.8720 -0.1120 1.0489
0.5720 -0.8720 -0.1040 1.0480
0.5480 -0.8680 -0.1200 1.0335
0.5480 -0.8680 -0.1200 1.0335
0.5480 -0.8680 -0.1200 1.0335
0.5480 -0.8680 -0.1160 1.0330
0.5280 -0.8680 -0.1160 1.0226
0.5280 -0.8680 -0.1160 1.0226
0.5280 -0.8680 -0.1160 1.0226
0.5280 -0.8680 -0.1160 1.0226
0.5280 -0.8680 -0.1160 1.0226
0.5320 -0.8680 -0.1320 1.0266
0.5320 -0.8680 -0.1320 1.0266
0.5320 -0.8680 -0.1320 1.0266
0.5320 -0.8680 -0.1320 1.0266
0.5320 -0.8680 -0.1440 1.0282
0.5600 -0.8800 -0.1120 1.0491
0.5600 -0.8800 -0.1120 1.0491
0.5600 -0.8800 -0.1120 1.0491
0.5600 -0.8800 -0.1120 1.0491
0.5560 -0.8840 -0.1440 1.0542
0.5560 -0.8840 -0.1440 1.0542
0.5560 -0.8840 -0.1440 1.0542
0.5560 -0.8840 -0.1440 1.0542
0.5560 -0.8840 -0.1360 1.0531
0.5520 -0.8720 -0.1040 1.0373
0.5520 -0.8720 -0.1120 1.0381
0.5440 -0.8800 -0.0960 1.0390
0.5440 -0.8800 -0.0960 1.0390
0.5440 -0.8800 -0.0920 1.0387
0.5680 -0.8920 -0.0920 1.0615
0.5680 -0.8920 -0.0920 1.0615
0.5680 -0.8920 -0.0920 1.0615
0.5680 -0.8920 -0.0920 1.0615
0.5680 -0.8920 -0.0960 1.0618
0.5720 -0.8880 -0.0800 1.0593
0.5720 -0.8880 -0.0800 1.0593
0.5720 -0.8880 -0.0800 1.0593
0.5720 -0.8880 -0.0680 1.0585
0.5360 -0.8720 -0.0680 1.0258
0.5360 -0.8720 -0.0680 1.0258
0.5360 -0.8720 -0.0680 1.0258
0.5360 -0.8720 -0.0680 1.0258
0.5360 -0.8720 -0.0680 1.0258
0.5360 -0.8680 -0.1160 1.0267
0.5360 -0.8680 -0.1160 1.0267
0.5360 -0.8680 -0.1160 1.0267
0.5360 -0.8680 -0.1160 1.0267
0.5440 -0.8760 -0.0680 1.0334
0.5440 -0.8760 -0.0680 1.0334
0.5440 -0.8760 -0.0680 1.0334
0.5440 -0.8760 -0.0680 1.0334
0.5440 -0.8760 -0.0680 1.0334
0.5360 -0.8720 -0.0840 1.0270
0.5360 -0.8720 -0.0840 1.0270
0.5360 -0.8720 -0.0840 1.0270
0.5360 -0.8720 -0.0840 1.0270
0.5360 -0.8720 -0.0960 1.0281
0.5440 -0.8520 -0.0840 1.0143
0.5560 -0.8720 -0.0840 1.0376
0.5560 -0.8720 -0.0840 1.0376
0.5560 -0.8720 -0.0840 1.0376
0.5560 -0.8720 -0.0880 1.0379
0.5720 -0.8840 -0.1200 1.0597
0.5720 -0.8840 -0.1200 1.0597
0.5720 -0.8840 -0.1200 1.0597
0.5720 -0.8840 -0.1160 1.0593
0.5560 -0.8920 -0.0680 1.0533
0.5560 -0.8920 -0.0680 1.0533
0.5560 -0.8920 -0.0680 1.0533
0.5560 -0.8920 -0.0680 1.0533
0.5560 -0.8920 -0.0680 1.0533
0.5480 -0.8760 -0.0680 1.0355
0.5480 -0.8760 -0.0680 1.0355
0.5480 -0.8760 -0.0680 1.0355
0.5480 -0.8760 -0.0680 1.0355
0.5480 -0.8760 -0.0760 1.0361
0.5600 -0.8680 -0.1080 1.0386
0.5600 -0.8680 -0.1080 1.0386
0.5600 -0.8680 -0.1080 1.0386
0.5600 -0.8680 -0.1040 1.0382
0.5520 -0.8840 -0.1040 1.0474
0.5520 -0.8840 -0.1040 1.0474
0.5520 -0.8840 -0.1040 1.0474
0.5520 -0.8840 -0.1040 1.0474
0.5520 -0.8840 -0.1080 1.0478
0.5440 -0.8680 -0.0920 1.0285
0.5440 -0.8680 -0.0920 1.0285
0.5440 -0.8680 -0.0920 1.0285
0.5440 -0.8680 -0.0920 1.0285
0.5400 -0.8840 -0.1000 1.0407
0.5320 -0.8800 -0.0840 1.0317
0.5320 -0.8800 -0.0840 1.0317
0.5320 -0.8800 -0.0840 1.0317
0.5320 -0.8800 -0.0840 1.0317
0.5520 -0.8720 -0.1320 1.0404
0.5520 -0.8720 -0.1320 1.0404
0.5520 -0.8720 -0.1320 1.0404
0.5520 -0.8720 -0.1320 1.0404
0.5520 -0.8720 -0.1400 1.0415
0.5640 -0.8760 -0.1080 1.0474
0.5640 -0.8760 -0.1080 1.0474
0.5640 -0.8760 -0.1080 1.0474
0.5640 -0.8760 -0.1080 1.0474
0.5640 -0.8760 -0.1040 1.0470
0.5680 -0.8840 -0.0720 1.0532
0.5680 -0.8840 -0.0720 1.0532
0.5680 -0.8840 -0.0720 1.0532
0.5680 -0.8840 -0.0680 1.0530
0.5400 -0.8920 -0.0360 1.0433
0.5400 -0.8920 -0.0360 1.0433
0.5400 -0.8920 -0.0360 1.0433
0.5400 -0.8920 -0.0360 1.0433
0.5400 -0.8920 -0.0360 1.0433
0.5480 -0.8720 -0.0680 1.0321
0.5480 -0.8720 -0.0680 1.0321
0.5480 -0.8720 -0.0680 1.0321
0.5480 -0.8720 -0.0800 1.0330
0.5640 -0.8760 -0.0960 1.0463
0.5640 -0.8760 -0.0960 1.0463
0.5640 -0.8760 -0.0960 1.0463
0.5640 -0.8760 -0.0960 1.0463
0.5640 -0.8760 -0.0960 1.0463
0.5640 -0.8680 -0.0920 1.0392
0.5560 -0.8840 -0.1080 1.0499
0.5560 -0.8840 -0.1080 1.0499
0.5560 -0.8840 -0.1080 1.0499
0.5560 -0.8840 -0.1040 1.0495
0.5240 -0.8920 -0.0880 1.0383
0.5240 -0.8920 -0.0880 1.0383
0.5240 -0.8920 -0.0880 1.0383
0.5240 -0.8920 -0.0880 1.0383
0.5240 -0.8920 -0.0960 1.0390
0.5360 -0.8800 -0.0640 1.0324
0.5360 -0.8800 -0.0640 1.0324
0.5360 -0.8800 -0.0640 1.0324
0.5360 -0.8800 -0.0600 1.0321
0.5400 -0.8760 -0.0600 1.0308
0.5400 -0.8760 -0.0600 1.0308
0.5400 -0.8760 -0.0600 1.0308
0.5400 -0.8760 -0.0600 1.0308
0.5400 -0.8760 -0.0600 1.0308
0.5520 -0.8720 -0.0920 1.0361
0.5520 -0.8720 -0.0920 1.0361
0.5520 -0.8720 -0.0920 1.0361
0.5520 -0.8720 -0.0920 1.0361
0.5520 -0.8720 -0.0880 1.0358
0.5440 -0.8720 -0.1040 1.0330
0.5440 -0.8720 -0.1040 1.0330
0.5440 -0.8720 -0.1040 1.0330
0.5440 -0.8720 -0.1080 1.0334
0.5480 -0.8680 -0.0920 1.0306
0.5480 -0.8680 -0.0920 1.0306
0.5480 -0.8680 -0.0920 1.0306
0.5480 -0.8680 -0.0960 1.0310
0.5480 -0.8720 -0.0960 1.0344
0.5280 -0.8720 -0.0800 1.0225
0.5280 -0.8720 -0.0800 1.0225
0.5280 -0.8720 -0.0800 1.0225
0.5280 -0.8720 -0.0800 1.0225
0.5280 -0.8720 -0.0760 1.0222
0.5120 -0.8760 -0.0600 1.0164
0.5120 -0.8760 -0.0600 1.0164
0.5120 -0.8760 -0.0600 1.0164
0.5120 -0.8760 -0.0520 1.0160
0.5200 -0.8720 -0.0840 1.0187
0.5200 -0.8720 -0.0840 1.0187
0.5200 -0.8720 -0.0840 1.0187
0.5200 -0.8720 -0.0840 1.0187
0.5200 -0.8720 -0.0920 1.0194
0.5680 -0.8760 -0.0920 1.0481
0.5680 -0.8760 -0.0920 1.0481
0.5680 -0.8760 -0.0920 1.0481
0.5680 -0.8760 -0.0920 1.0481
0.5680 -0.8760 -0.0920 1.0481
0.5720 -0.8720 -0.1080 1.0484
0.5720 -0.8720 -0.1080 1.0484
0.5720 -0.8720 -0.1080 1.0484
0.5720 -0.8720 -0.1080 1.0484
0.5560 -0.8720 -0.0920 1.0383
0.5560 -0.8720 -0.0920 1.0383
0.5560 -0.8720 -0.0920 1.0383
0.5560 -0.8720 -0.0920 1.0383
0.5560 -0.8720 -0.0960 1.0386
0.5560 -0.8680 -0.0800 1.0339
0.5560 -0.8680 -0.0800 1.0339
0.5560 -0.8680 -0.0800 1.0339
0.5560 -0.8680 -0.0960 1.0353
0.5560 -0.8680 -0.0840 1.0342
0.5480 -0.8800 -0.0840 1.0401
0.5480 -0.8800 -0.0840 1.0401
0.5480 -0.8800 -0.0840 1.0401
0.5480 -0.8800 -0.0840 1.0401
0.5480 -0.8800 -0.0920 1.0408
0.5600 -0.8800 -0.0760 1.0458
0.5600 -0.8800 -0.0760 1.0458
0.5600 -0.8800 -0.0760 1.0458
0.5600 -0.8800 -0.0760 1.0458
0.5560 -0.8960 -0.0440 1.0554
0.5560 -0.8960 -0.0440 1.0554
0.5560 -0.8960 -0.0440 1.0554
0.5560 -0.8960 -0.0440 1.0554
0.5560 -0.8960 -0.0400 1.0552
0.5320 -0.8760 -0.0560 1.0264
0.5320 -0.8760 -0.0560 1.0264
0.5320 -0.8760 -0.0560 1.0264
0.5320 -0.8760 -0.0640 1.0269
0.5480 -0.8720 -0.0960 1.0344
0.5480 -0.8720 -0.0960 1.0344
0.5480 -0.8720 -0.0960 1.0344
0.5480 -0.8720 -0.0960 1.0344
0.5480 -0.8720 -0.0880 1.0336
0.5440 -0.8680 -0.1200 1.0314
0.5440 -0.8680 -0.1200 1.0314
0.5440 -0.8680 -0.1200 1.0314
0.5440 -0.8680 -0.1200 1.0314
0.5440 -0.8680 -0.1280 1.0323
0.5440 -0.8760 -0.0960 1.0356
0.5440 -0.8760 -0.0920 1.0353
0.5480 -0.8680 -0.1080 1.0322
0.5480 -0.8680 -0.1080 1.0322
0.5480 -0.8680 -0.1120 1.0326
0.5320 -0.8560 -0.0800 1.0110
0.5320 -0.8560 -0.0800 1.0110
0.5320 -0.8560 -0.0800 1.0110
0.5320 -0.8560 -0.0720 1.0104
0.5160 -0.8560 -0.0880 1.0034
0.5160 -0.8560 -0.0880 1.0034
0.5160 -0.8560 -0.0880 1.0034
0.5160 -0.8560 -0.0880 1.0034
0.5160 -0.8560 -0.0920 1.0037
0.5440 -0.8600 -0.0920 1.0218
0.5440 -0.8600 -0.0920 1.0218
0.5440 -0.8600 -0.0920 1.0218
0.5440 -0.8600 -0.0920 1.0218
0.5440 -0.8600 -0.0880 1.0214
0.5720 -0.8800 -0.1040 1.0547
0.5720 -0.8800 -0.1040 1.0547
0.5720 -0.8800 -0.1040 1.0547
0.5720 -0.8800 -0.1080 1.0551
0.5560 -0.8720 -0.0920 1.0383
0.5560 -0.8720 -0.0920 1.0383
0.5560 -0.8720 -0.0920 1.0383
0.5560 -0.8720 -0.0920 1.0383
0.5560 -0.8720 -0.0920 1.0383
0.5560 -0.8720 -0.0760 1.0370
0.5560 -0.8720 -0.0760 1.0370
0.5560 -0.8720 -0.0760 1.0370
0.5560 -0.8720 -0.0760 1.0370
0.5560 -0.8720 -0.0720 1.0367
0.5560 -0.8680 -0.1000 1.0356
0.5520 -0.8760 -0.0680 1.0376
0.5520 -0.8760 -0.0680 1.0376
0.5520 -0.8760 -0.0680 1.0376
0.5520 -0.8760 -0.0800 1.0385
0.5760 -0.8760 -0.0640 1.0504
0.5760 -0.8760 -0.0640 1.0504
0.5760 -0.8760 -0.0640 1.0504
0.5760 -0.8760 -0.0640 1.0504
0.5720 -0.8880 -0.0960 1.0606
0.5720 -0.8880 -0.0960 1.0606
0.5720 -0.8880 -0.0960 1.0606
0.5720 -0.8880 -0.0960 1.0606
0.5720 -0.8880 -0.0920 1.0603
0.5480 -0.8920 -0.0760 1.0496
0.5480 -0.8920 -0.0760 1.0496
0.5480 -0.8920 -0.0760 1.0496
0.5480 -0.8920 -0.0760 1.0496
0.5480 -0.8920 -0.0680 1.0491
0.5400 -0.8920 -0.0520 1.0440
0.5400 -0.8920 -0.0520 1.0440
0.5400 -0.8920 -0.0520 1.0440
0.5400 -0.8920 -0.0640 1.0447
0.5520 -0.8800 -0.1120 1.0448
0.5520 -0.8800 -0.1120 1.0448
0.5520 -0.8800 -0.1120 1.0448
0.5520 -0.8800 -0.1120 1.0448
0.5520 -0.8800 -0.1000 1.0436
0.5560 -0.8760 -0.1160 1.0440
0.5560 -0.8760 -0.1160 1.0440
0.5560 -0.8760 -0.1160 1.0440
0.5560 -0.8760 -0.1160 1.0440
0.5520 -0.8680 -0.1040 1.0339
0.5720 -0.8720 -0.0560 1.0444
0.5720 -0.8720 -0.0560 1.0444
0.5720 -0.8720 -0.0560 1.0444
0.5720 -0.8720 -0.0520 1.0442
0.5720 -0.8800 -0.0840 1.0529
0.5720 -0.8800 -0.0840 1.0529
0.5720 -0.8800 -0.0840 1.0529
0.5720 -0.8800 -0.0840 1.0529
0.5720 -0.8800 -0.0840 1.0529
0.5640 -0.8720 -0.1000 1.0433
0.5640 -0.8720 -0.1000 1.0433
0.5640 -0.8720 -0.1000 1.0433
0.5640 -0.8720 -0.1000 1.0433
0.5640 -0.8720 -0.1040 1.0437
0.5560 -0.8800 -0.0880 1.0446
0.5560 -0.8800 -0.0880 1.0446
0.5560 -0.8800 -0.0880 1.0446
0.5560 -0.8800 -0.0920 1.0450
0.5560 -0.8760 -0.0760 1.0403
0.5560 -0.8760 -0.0760 1.0403
0.5560 -0.8760 -0.0760 1.0403
0.5560 -0.8760 -0.0760 1.0403
0.5560 -0.8760 -0.0800 1.0406
0.5640 -0.8680 -0.0960 1.0396
0.5640 -0.8680 -0.0960 1.0396
0.5640 -0.8680 -0.0960 1.0396
0.5640 -0.8680 -0.0880 1.0389
0.5560 -0.8920 -0.0880 1.0548
0.5560 -0.8920 -0.0880 1.0548
0.5560 -0.8920 -0.0880 1.0548
0.5560 -0.8920 -0.0880 1.0548
0.5560 -0.8920 -0.0880 1.0548
0.5480 -0.8720 -0.0720 1.0324
0.5280 -0.8680 -0.0880 1.0198
0.5280 -0.8680 -0.0880 1.0198
0.5280 -0.8680 -0.0880 1.0198
0.5280 -0.8680 -0.0880 1.0198
0.5400 -0.8840 -0.0560 1.0374
0.5400 -0.8840 -0.0560 1.0374
0.5400 -0.8840 -0.0560 1.0374
0.5400 -0.8840 -0.0560 1.0374
0.5400 -0.8840 -0.0560 1.0374
0.5320 -0.8680 -0.0560 1.0196
0.5320 -0.8680 -0.0560 1.0196
0.5320 -0.8680 -0.0560 1.0196
0.5320 -0.8680 -0.0520 1.0194
0.5360 -0.8760 -0.0840 1.0304
0.5360 -0.8760 -0.0840 1.0304
0.5360 -0.8760 -0.0840 1.0304
0.5360 -0.8760 -0.0840 1.0304
0.5360 -0.8760 -0.0840 1.0304
0.5720 -0.8680 -0.1160 1.0460
0.5720 -0.8680 -0.1160 1.0460
0.5720 -0.8680 -0.1160 1.0460
0.5720 -0.8680 -0.1160 1.0460
0.5720 -0.8680 -0.1160 1.0460
0.5640 -0.8840 -0.1320 1.0569
0.5640 -0.8840 -0.1320 1.0569
0.5640 -0.8840 -0.1320 1.0569
0.5640 -0.8840 -0.1320 1.0569
0.5440 -0.8880 -0.0840 1.0448
0.5440 -0.8880 -0.0840 1.0448
0.5440 -0.8880 -0.0840 1.0448
0.5440 -0.8880 -0.0960 1.0458
0.5560 -0.8960 -0.0800 1.0575
0.5560 -0.8960 -0.0720 1.0569
0.5360 -0.8800 -0.0560 1.0319
0.5360 -0.8800 -0.0560 1.0319
0.5360 -0.8800 -0.0560 1.0319
0.5360 -0.8800 -0.0520 1.0317
0.5560 -0.8720 -0.0680 1.0364
0.5560 -0.8720 -0.0680 1.0364
0.5560 -0.8720 -0.0680 1.0364
0.5560 -0.8720 -0.0680 1.0364
0.5560 -0.8720 -0.0680 1.0364
0.5440 -0.8720 -0.0840 1.0312
0.5440 -0.8720 -0.0840 1.0312
0.5440 -0.8720 -0.0840 1.0312
0.5440 -0.8720 -0.0840 1.0312
0.5440 -0.8680 -0.0840 1.0278
0.5440 -0.8680 -0.0840 1.0278
0.5440 -0.8680 -0.0840 1.0278
0.5440 -0.8680 -0.0840 1.0278
0.5440 -0.8680 -0.0880 1.0282
0.5280 -0.8720 -0.1040 1.0247
0.5280 -0.8720 -0.1040 1.0247
0.5280 -0.8720 -0.1040 1.0247
0.5280 -0.8720 -0.1040 1.0247
0.5280 -0.8720 -0.1120 1.0255
0.5480 -0.8760 -0.0960 1.0377
0.5480 -0.8760 -0.0960 1.0377
0.5480 -0.8760 -0.0960 1.0377
0.5480 -0.8760 -0.0840 1.0367
0.5400 -0.8920 -0.1160 1.0492
0.5400 -0.8920 -0.1160 1.0492
0.5400 -0.8920 -0.1280 1.0505
0.5480 -0.8800 -0.1120 1.0427
0.5480 -0.8800 -0.1120 1.0427
0.5560 -0.8920 -0.0800 1.0541
0.5560 -0.8920 -0.0800 1.0541
0.5560 -0.8920 -0.0800 1.0541
0.5560 -0.8920 -0.0800 1.0541
0.5560 -0.8920 -0.0680 1.0533
0.5320 -0.8720 -0.0840 1.0249
0.5320 -0.8720 -0.0840 1.0249
0.5320 -0.8720 -0.0840 1.0249
0.5320 -0.8720 -0.0840 1.0249
0.5320 -0.8720 -0.0840 1.0249
0.5280 -0.8640 -0.0680 1.0148
0.5280 -0.8640 -0.0680 1.0148
0.5280 -0.8640 -0.0680 1.0148
0.5280 -0.8640 -0.0720 1.0151
0.5320 -0.8760 -0.1040 1.0302
0.5320 -0.8760 -0.1040 1.0302
0.5320 -0.8760 -0.1040 1.0302
0.5320 -0.8760 -0.1040 1.0302
0.5320 -0.8760 -0.1040 1.0302
0.5520 -0.8720 -0.1040 1.0373
0.5520 -0.8720 -0.1040 1.0373
0.5520 -0.8720 -0.1040 1.0373
0.5520 -0.8720 -0.1120 1.0381
0.5440 -0.8720 -0.1120 1.0339
0.5440 -0.8720 -0.1120 1.0339
0.5440 -0.8720 -0.1120 1.0339
0.5440 -0.8720 -0.1120 1.0339
0.5440 -0.8720 -0.1120 1.0339
0.5680 -0.8720 -0.0800 1.0437
0.5680 -0.8720 -0.0680 1.0429
0.5520 -0.8800 -0.1000 1.0436
0.5520 -0.8800 -0.1000 1.0436
0.5520 -0.8800 -0.1040 1.0440
0.5440 -0.8760 -0.0880 1.0349
0.5440 -0.8760 -0.0880 1.0349
0.5440 -0.8760 -0.0880 1.0349
0.5440 -0.8760 -0.0880 1.0349
0.5440 -0.8760 -0.0840 1.0346
0.5600 -0.8760 -0.0680 1.0419
0.5600 -0.8760 -0.0680 1.0419
0.5600 -0.8760 -0.0680 1.0419
0.5600 -0.8760 -0.0720 1.0422
0.5640 -0.8840 -0.0880 1.0523
0.5640 -0.8840 -0.0880 1.0523
0.5640 -0.8840 -0.0880 1.0523
0.5640 -0.8840 -0.0880 1.0523
0.5640 -0.8840 -0.0960 1.0530
0.5440 -0.8960 -0.0640 1.0502
0.5440 -0.8960 -0.0640 1.0502
0.5440 -0.8960 -0.0640 1.0502
0.5440 -0.8960 -0.0640 1.0502
0.5440 -0.8960 -0.0640 1.0502
0.5560 -0.8960 -0.0640 1.0564
0.5560 -0.8960 -0.0640 1.0564
0.5560 -0.8960 -0.0640 1.0564
0.5560 -0.8960 -0.0600 1.0562
0.5520 -0.8680 -0.1080 1.0343
0.5520 -0.8680 -0.1080 1.0343
0.5520 -0.8680 -0.1080 1.0343
0.5520 -0.8680 -0.1080 1.0343
0.5520 -0.8680 -0.1120 1.0347
0.5520 -0.8720 -0.0880 1.0358
0.5520 -0.8680 -0.0560 1.0302
0.5520 -0.8680 -0.0560 1.0302
0.5520 -0.8680 -0.0560 1.0302
0.5520 -0.8680 -0.0520 1.0300
0.5440 -0.8760 -0.0840 1.0346
0.5440 -0.8760 -0.0840 1.0346
0.5440 -0.8760 -0.0840 1.0346
0.5440 -0.8760 -0.0840 1.0346
0.5440 -0.8760 -0.0840 1.0346
0.5320 -0.8720 -0.0840 1.0249
0.5320 -0.8720 -0.0840 1.0249
0.5320 -0.8720 -0.0840 1.0249
0.5320 -0.8720 -0.0840 1.0249
0.5400 -0.8800 -0.1000 1.0373
0.5400 -0.8800 -0.1000 1.0373
0.5400 -0.8800 -0.1000 1.0373
0.5400 -0.8800 -0.1000 1.0373
0.5400 -0.8800 -0.1040 1.0377
0.5440 -0.8600 -0.1520 1.0289
0.5440 -0.8600 -0.1520 1.0289
0.5440 -0.8600 -0.1520 1.0289
0.5440 -0.8600 -0.1480 1.0283
0.5520 -0.8800 -0.1160 1.0453
0.5520 -0.8800 -0.1160 1.0453
0.5520 -0.8800 -0.1160 1.0453
0.5520 -0.8800 -0.1160 1.0453
0.5520 -0.8800 -0.1200 1.0457
0.5600 -0.8800 -0.0560 1.0446
0.5600 -0.8800 -0.0560 1.0446
0.5600 -0.8800 -0.0560 1.0446
0.5600 -0.8800 -0.0560 1.0446
0.5600 -0.8800 -0.0600 1.0448
0.5560 -0.8800 -0.0760 1.0437
0.5400 -0.8680 -0.0760 1.0251
0.5400 -0.8680 -0.0760 1.0251
0.5400 -0.8680 -0.0760 1.0251
0.5400 -0.8680 -0.0800 1.0254
0.5640 -0.8760 -0.0800 1.0449
0.5640 -0.8760 -0.0800 1.0449
0.5640 -0.8760 -0.0800 1.0449
0.5640 -0.8760 -0.0720 1.0443
0.5560 -0.8960 -0.0880 1.0582
0.5560 -0.8960 -0.0880 1.0582
0.5560 -0.8960 -0.0880 1.0582
0.5560 -0.8960 -0.0880 1.0582
0.5560 -0.8960 -0.0920 1.0585
0.5480 -0.8800 -0.0920 1.0408
0.5480 -0.8800 -0.0920 1.0408
0.5480 -0.8800 -0.0920 1.0408
0.5480 -0.8800 -0.0920 1.0408
0.5480 -0.8800 -0.0880 1.0404
0.5400 -0.8880 -0.1040 1.0445
0.5400 -0.8880 -0.1040 1.0445
0.5400 -0.8880 -0.1040 1.0445
0.5400 -0.8880 -0.1080 1.0449
0.5560 -0.8920 -0.0920 1.0551
0.5560 -0.8920 -0.0920 1.0551
0.5560 -0.8920 -0.0920 1.0551
0.5560 -0.8920 -0.0920 1.0551
0.5560 -0.8920 -0.0840 1.0544
0.5280 -0.8720 -0.1000 1.0243
0.5280 -0.8720 -0.1000 1.0243
0.5280 -0.8720 -0.1000 1.0243
0.5280 -0.8720 -0.1040 1.0247
0.5320 -0.8680 -0.0960 1.0226
0.5640 -0.8800 -0.0480 1.0463
0.5640 -0.8800 -0.0480 1.0463
0.5640 -0.8800 -0.0480 1.0463
0.5640 -0.8800 -0.0480 1.0463
0.5640 -0.8800 -0.0440 1.0462
0.5440 -0.8760 -0.0760 1.0340
0.5440 -0.8760 -0.0760 1.0340
0.5440 -0.8760 -0.0760 1.0340
0.5440 -0.8760 -0.0800 1.0343
0.5680 -0.8800 -0.0640 1.0493
0.5680 -0.8800 -0.0640 1.0493
0.5680 -0.8800 -0.0640 1.0493
0.5680 -0.8800 -0.0640 1.0493
0.5680 -0.8800 -0.0640 1.0493
0.5480 -0.8720 -0.0800 1.0330
0.5480 -0.8720 -0.0800 1.0330
0.5480 -0.8720 -0.0800 1.0330
0.5480 -0.8720 -0.0720 1.0324
0.5560 -0.8720 -0.0560 1.0357
0.5560 -0.8720 -0.0560 1.0357
0.5560 -0.8720 -0.0560 1.0357
0.5560 -0.8720 -0.0560 1.0357
0.5560 -0.8720 -0.0560 1.0357
0.5560 -0.8720 -0.0720 1.0367
0.5560 -0.8720 -0.0720 1.0367
0.5560 -0.8720 -0.0720 1.0367
0.5560 -0.8720 -0.0720 1.0367
0.5560 -0.8720 -0.0720 1.0367
0.5640 -0.8760 -0.1040 1.0470
0.5640 -0.8760 -0.1040 1.0470
0.5640 -0.8760 -0.1120 1.0479
0.5600 -0.8680 -0.1120 1.0390
0.5600 -0.8680 -0.1040 1.0382
0.5760 -0.8800 -0.0880 1.0554
0.5760 -0.8800 -0.0880 1.0554
0.5760 -0.8800 -0.0880 1.0554
0.5760 -0.8800 -0.0960 1.0561
0.5800 -0.8960 -0.1120 1.0732
0.5800 -0.8960 -0.1120 1.0732
0.5800 -0.8960 -0.1120 1.0732
0.5800 -0.8960 -0.1120 1.0732
0.5800 -0.8960 -0.1000 1.0720
0.5520 -0.8840 -0.0680 1.0444
0.5520 -0.8840 -0.0680 1.0444
0.5520 -0.8840 -0.0680 1.0444
0.5520 -0.8840 -0.0680 1.0444
0.5520 -0.8840 -0.0760 1.0450
0.5480 -0.8720 -0.0600 1.0316
0.5480 -0.8720 -0.0600 1.0316
0.5480 -0.8720 -0.0600 1.0316
0.5480 -0.8720 -0.0640 1.0319
0.5520 -0.8760 -0.1120 1.0415
0.5520 -0.8760 -0.1120 1.0415
0.5520 -0.8760 -0.1120 1.0415
0.5520 -0.8760 -0.1120 1.0415
0.5520 -0.8760 -0.1040 1.0406
0.5440 -0.8520 -0.1360 1.0200
0.5440 -0.8520 -0.1360 1.0200
0.5440 -0.8520 -0.1360 1.0200
0.5440 -0.8520 -0.1320 1.0194
0.5680 -0.8680 -0.1160 1.0438
0.5680 -0.8680 -0.1160 1.0438
0.5680 -0.8680 -0.1240 1.0447
0.5680 -0.8680 -0.1080 1.0429
0.5680 -0.8680 -0.1080 1.0429
0.5680 -0.8680 -0.1040 1.0425
0.5560 -0.8680 -0.1040 1.0360
0.5560 -0.8680 -0.1040 1.0360
0.5560 -0.8680 -0.1040 1.0360
0.5560 -0.8680 -0.1120 1.0369
0.5480 -0.8520 -0.1120 1.0192
0.5480 -0.8520 -0.1120 1.0192
0.5480 -0.8520 -0.1120 1.0192
0.5480 -0.8520 -0.1120 1.0192
0.5480 -0.8520 -0.1080 1.0188
0.5560 -0.8800 -0.0920 1.0450
0.5560 -0.8800 -0.0920 1.0450
0.5560 -0.8800 -0.0920 1.0450
0.5560 -0.8800 -0.0920 1.0450
0.5480 -0.8760 -0.0920 1.0374
0.5480 -0.8760 -0.0920 1.0374
0.5480 -0.8760 -0.0920 1.0374
0.5480 -0.8760 -0.0920 1.0374
0.5480 -0.8760 -0.0840 1.0367
0.5320 -0.8760 -0.0840 1.0283
0.5320 -0.8760 -0.0840 1.0283
0.5320 -0.8760 -0.0840 1.0283
0.5320 -0.8760 -0.0840 1.0283
0.5320 -0.8760 -0.0960 1.0294
0.5560 -0.8720 -0.1120 1.0402
0.5560 -0.8720 -0.1120 1.0402
0.5560 -0.8720 -0.1120 1.0402
0.5560 -0.8720 -0.1040 1.0394
0.5480 -0.8680 -0.1200 1.0335
0.5480 -0.8680 -0.1280 1.0345
0.5640 -0.8760 -0.1120 1.0479
0.5720 -0.8680 -0.1280 1.0474
0.5720 -0.8680 -0.1280 1.0474
0.5720 -0.8680 -0.1280 1.0474
0.5720 -0.8680 -0.1200 1.0464
0.5720 -0.8760 -0.1200 1.0531
0.5720 -0.8760 -0.1200 1.0531
0.5720 -0.8760 -0.1200 1.0531
0.5720 -0.8760 -0.1200 1.0531
0.5720 -0.8760 -0.1200 1.0531
0.5520 -0.8800 -0.1200 1.0457
0.5520 -0.8800 -0.1200 1.0457
0.5520 -0.8800 -0.1200 1.0457
0.5520 -0.8800 -0.1280 1.0467
0.5480 -0.8760 -0.0960 1.0377
0.5480 -0.8760 -0.0960 1.0377
0.5480 -0.8760 -0.0960 1.0377
0.5480 -0.8760 -0.0960 1.0377
0.5480 -0.8760 -0.0880 1.0370
0.5480 -0.8680 -0.0880 1.0303
0.5480 -0.8680 -0.0880 1.0303
0.5480 -0.8680 -0.0880 1.0303
0.5480 -0.8680 -0.0880 1.0303
0.5480 -0.8680 -0.0960 1.0310
0.5640 -0.8680 -0.1120 1.0412
0.5640 -0.8680 -0.1120 1.0412
0.5640 -0.8680 -0.1120 1.0412
0.5640 -0.8680 -0.1080 1.0408
0.5440 -0.8720 -0.1080 1.0334
0.5440 -0.8720 -0.1080 1.0334
0.5440 -0.8720 -0.1080 1.0334
0.5440 -0.8720 -0.1080 1.0334
0.5480 -0.8680 -0.1000 1.0314
0.5520 -0.8680 -0.1000 1.0335
0.5520 -0.8680 -0.1000 1.0335
0.5520 -0.8680 -0.1000 1.0335
0.5520 -0.8680 -0.1000 1.0335
0.5520 -0.8680 -0.1080 1.0343
0.5520 -0.8720 -0.1240 1.0395
0.5520 -0.8720 -0.1240 1.0395
0.5520 -0.8720 -0.1240 1.0395
0.5520 -0.8720 -0.1160 1.0385
0.5520 -0.8800 -0.1000 1.0436
0.5520 -0.8800 -0.1000 1.0436
0.5520 -0.8800 -0.1000 1.0436
0.5520 -0.8800 -0.1000 1.0436
0.5520 -0.8800 -0.1000 1.0436
0.5440 -0.8680 -0.1000 1.0293
0.5440 -0.8680 -0.1000 1.0293
0.5440 -0.8680 -0.1000 1.0293
0.5440 -0.8680 -0.1000 1.0293
0.5440 -0.8680 -0.1040 1.0296
0.5640 -0.8720 -0.0880 1.0422
0.5640 -0.8720 -0.0880 1.0422
0.5640 -0.8720 -0.0880 1.0422
0.5640 -0.8720 -0.0880 1.0422
0.5560 -0.8920 -0.0880 1.0548
0.5560 -0.8920 -0.0880 1.0548
0.5560 -0.8920 -0.0880 1.0548
0.5560 -0.8920 -0.0880 1.0548
0.5560 -0.8920 -0.0920 1.0551
0.5440 -0.8760 -0.0920 1.0353
0.5440 -0.8760 -0.0920 1.0353
0.5440 -0.8760 -0.0920 1.0353
0.5440 -0.8760 -0.0920 1.0353
0.5440 -0.8760 -0.0880 1.0349
0.5360 -0.8720 -0.0720 1.0261
0.5360 -0.8720 -0.0720 1.0261
0.5360 -0.8720 -0.0720 1.0261
0.5360 -0.8720 -0.0720 1.0261
0.5360 -0.8720 -0.0720 1.0261
0.5160 -0.8600 -0.0880 1.0068
0.5160 -0.8600 -0.0880 1.0068
0.5160 -0.8600 -0.0880 1.0068
0.5160 -0.8600 -0.0880 1.0068
0.5280 -0.8600 -0.1040 1.0145
0.5280 -0.8600 -0.1040 1.0145
0.5280 -0.8600 -0.1040 1.0145
0.5280 -0.8600 -0.1040 1.0145
0.5280 -0.8600 -0.1120 1.0153
0.5480 -0.8760 -0.1120 1.0393
0.5480 -0.8760 -0.1120 1.0393
0.5480 -0.8760 -0.1120 1.0393
0.5480 -0.8760 -0.1120 1.0393
0.5480 -0.8760 -0.1000 1.0381
0.5400 -0.8680 -0.1320 1.0308
0.5400 -0.8680 -0.1320 1.0308
0.5400 -0.8680 -0.1320 1.0308
0.5400 -0.8680 -0.1400 1.0318
0.5440 -0.8800 -0.1400 1.0440
0.5440 -0.8800 -0.1400 1.0440
0.5440 -0.8800 -0.1400 1.0440
0.5440 -0.8800 -0.1400 1.0440
0.5440 -0.8800 -0.1320 1.0430
0.5440 -0.8720 -0.1000 1.0326
0.5440 -0.8720 -0.1080 1.0334
0.5440 -0.8800 -0.0920 1.0387
0.5440 -0.8800 -0.0920 1.0387
0.5440 -0.8800 -0.0920 1.0387
0.5320 -0.8720 -0.1240 1.0290
0.5320 -0.8720 -0.1240 1.0290
0.5320 -0.8720 -0.1240 1.0290
0.5320 -0.8720 -0.1240 1.0290
0.5320 -0.8720 -0.1240 1.0290
0.5520 -0.8760 -0.1080 1.0410
0.5520 -0.8760 -0.1080 1.0410
0.5520 -0.8760 -0.1080 1.0410
0.5520 -0.8760 -0.1000 1.0402
0.5360 -0.8800 -0.1000 1.0352
0.5360 -0.8800 -0.1000 1.0352
0.5360 -0.8800 -0.1000 1.0352
0.5360 -0.8800 -0.1000 1.0352
0.5360 -0.8800 -0.1120 1.0365
0.5680 -0.8800 -0.0960 1.0518
0.5680 -0.8800 -0.0960 1.0518
0.5680 -0.8800 -0.0960 1.0518
0.5680 -0.8800 -0.0840 1.0508
0.5560 -0.8960 -0.1000 1.0592
0.5560 -0.8960 -0.1000 1.0592
0.5560 -0.8960 -0.1000 1.0592
0.5560 -0.8960 -0.1000 1.0592
0.5560 -0.8960 -0.1080 1.0600
0.5320 -0.8880 -0.0920 1.0392
0.5320 -0.8880 -0.0920 1.0392
0.5320 -0.8880 -0.0920 1.0392
0.5320 -0.8880 -0.0920 1.0392
0.5320 -0.8880 -0.0880 1.0389
0.5280 -0.8760 -0.0560 1.0244
0.5480 -0.8760 -0.0880 1.0370
0.5480 -0.8760 -0.0880 1.0370
0.5480 -0.8760 -0.0880 1.0370
0.5480 -0.8760 -0.0920 1.0374
0.5560 -0.8840 -0.1240 1.0517
0.5560 -0.8840 -0.1240 1.0517
0.5560 -0.8840 -0.1240 1.0517
0.5560 -0.8840 -0.1160 1.0507
0.5560 -0.8880 -0.1000 1.0525
0.5560 -0.8880 -0.1000 1.0525
0.5560 -0.8880 -0.1000 1.0525
0.5560 -0.8880 -0.1000 1.0525
0.5560 -0.8880 -0.1040 1.0529
0.5480 -0.8720 -0.0880 1.0336
0.5480 -0.8720 -0.0880 1.0336
0.5480 -0.8720 -0.0880 1.0336
0.5480 -0.8720 -0.0880 1.0336
0.5480 -0.8720 -0.0880 1.0336
0.5440 -0.8680 -0.0720 1.0269
0.5440 -0.8680 -0.0720 1.0269
0.5440 -0.8680 -0.0720 1.0269
0.5440 -0.8680 -0.0720 1.0269
0.5360 -0.8760 -0.0720 1.0295
0.5360 -0.8760 -0.0720 1.0295
0.5360 -0.8760 -0.0720 1.0295
0.5360 -0.8760 -0.0720 1.0295
0.5360 -0.8760 -0.0680 1.0292
0.5200 -0.8520 -0.1000 1.0031
0.5200 -0.8520 -0.1000 1.0031
0.5200 -0.8520 -0.1000 1.0031
0.5200 -0.8520 -0.1040 1.0036
0.5520 -0.8600 -0.1120 1.0280
0.5480 -0.8600 -0.1280 1.0278
0.5480 -0.8600 -0.1280 1.0278
0.5480 -0.8600 -0.1280 1.0278
0.5480 -0.8600 -0.1280 1.0278
0.5480 -0.8600 -0.1240 1.0273
0.5520 -0.8760 -0.0760 1.0382
0.5520 -0.8760 -0.0760 1.0382
0.5520 -0.8760 -0.0760 1.0382
0.5520 -0.8760 -0.0720 1.0379
0.5400 -0.8720 -0.0880 1.0294
0.5400 -0.8720 -0.0880 1.0294
0.5400 -0.8720 -0.0880 1.0294
0.5400 -0.8720 -0.0880 1.0294
0.5400 -0.8720 -0.0960 1.0301
0.5400 -0.8720 -0.1120 1.0318
0.5400 -0.8720 -0.1120 1.0318
0.5400 -0.8720 -0.1120 1.0318
0.5400 -0.8720 -0.1080 1.0313
0.5480 -0.8640 -0.1400 1.0327
0.5480 -0.8640 -0.1400 1.0327
0.5480 -0.8640 -0.1400 1.0327
0.5480 -0.8640 -0.1400 1.0327
0.5480 -0.8640 -0.1360 1.0321
0.5600 -0.8800 -0.1040 1.0482
0.5600 -0.8800 -0.1040 1.0482
0.5600 -0.8800 -0.1040 1.0482
0.5600 -0.8800 -0.1040 1.0482
0.5600 -0.8800 -0.1120 1.0491
0.5720 -0.8920 -0.0960 1.0640
0.5720 -0.8920 -0.0960 1.0640
0.5720 -0.8920 -0.0960 1.0640
0.5720 -0.8920 -0.0880 1.0633
0.5440 -0.8760 -0.0800 1.0343
0.5720 -0.8840 -0.0960 1.0573
0.5720 -0.8840 -0.0960 1.0573
0.5720 -0.8840 -0.0960 1.0573
0.5720 -0.8840 -0.0920 1.0569
0.5560 -0.8880 -0.0920 1.0517
0.5560 -0.8880 -0.0920 1.0517
0.5560 -0.8880 -0.0920 1.0517
0.5560 -0.8880 -0.0920 1.0517
0.5560 -0.8880 -0.0960 1.0521
0.5520 -0.8800 -0.0800 1.0419
0.5520 -0.8800 -0.0800 1.0419
0.5520 -0.8800 -0.0800 1.0419
0.5520 -0.8800 -0.0800 1.0419
0.5520 -0.8800 -0.0680 1.0410
0.5360 -0.8840 -0.1000 1.0386
0.5360 -0.8840 -0.1000 1.0386
0.5360 -0.8840 -0.1000 1.0386
0.5360 -0.8840 -0.1080 1.0394
0.5440 -0.8680 -0.0920 1.0285
0.5440 -0.8680 -0.0920 1.0285
0.5440 -0.8680 -0.0920 1.0285
0.5440 -0.8680 -0.0920 1.0285
0.5440 -0.8680 -0.0840 1.0278
0.5320 -0.8680 -0.0840 1.0215
0.5320 -0.8680 -0.0840 1.0215
0.5320 -0.8680 -0.0840 1.0215
0.5320 -0.8680 -0.0880 1.0219
0.5120 -0.8600 -0.1040 1.0063
0.5120 -0.8600 -0.1040 1.0063
0.5120 -0.8600 -0.1040 1.0063
0.5120 -0.8600 -0.1000 1.0059
0.5360 -0.8800 -0.1000 1.0352
0.5560 -0.8840 -0.1160 1.0507
0.5560 -0.8840 -0.1160 1.0507
0.5560 -0.8840 -0.1160 1.0507
0.5560 -0.8840 -0.1160 1.0507
0.5560 -0.8840 -0.1240 1.0517
0.5440 -0.8760 -0.1080 1.0368
0.5440 -0.8760 -0.1080 1.0368
0.5440 -0.8760 -0.1080 1.0368
0.5440 -0.8760 -0.1080 1.0368
0.5440 -0.8760 -0.1000 1.0360
0.5280 -0.8680 -0.1000 1.0209
0.5280 -0.8680 -0.1000 1.0209
0.5280 -0.8680 -0.1000 1.0209
0.5280 -0.8680 -0.1040 1.0213
0.5520 -0.8760 -0.0880 1.0391
0.5520 -0.8760 -0.0880 1.0391
0.5520 -0.8760 -0.0880 1.0391
0.5520 -0.8760 -0.0880 1.0391
0.5520 -0.8760 -0.0920 1.0395
0.5480 -0.8720 -0.1240 1.0373
0.5480 -0.8720 -0.1240 1.0373
0.5480 -0.8720 -0.1240 1.0373
0.5480 -0.8720 -0.1200 1.0369
0.5520 -0.8760 -0.0880 1.0391
0.5520 -0.8760 -0.0880 1.0391
0.5520 -0.8760 -0.0880 1.0391
0.5520 -0.8760 -0.0880 1.0391
0.5520 -0.8760 -0.0960 1.0399
0.5440 -0.8800 -0.0800 1.0377
0.5440 -0.8800 -0.0800 1.0377
0.5440 -0.8800 -0.0760 1.0374
0.5440 -0.8680 -0.0920 1.0285
0.5440 -0.8680 -0.0840 1.0278
0.5560 -0.8800 -0.0520 1.0422
0.5560 -0.8800 -0.0520 1.0422
0.5560 -0.8800 -0.0520 1.0422
0.5560 -0.8800 -0.0520 1.0422
0.5560 -0.8800 -0.0560 1.0424
0.5560 -0.8760 -0.0560 1.0391
0.5560 -0.8760 -0.0560 1.0391
0.5560 -0.8760 -0.0560 1.0391
0.5560 -0.8760 -0.0640 1.0395
0.5560 -0.8760 -0.0800 1.0406
0.5560 -0.8760 -0.0800 1.0406
0.5560 -0.8760 -0.0800 1.0406
0.5560 -0.8760 -0.0800 1.0406
0.5560 -0.8760 -0.0720 1.0400
0.5520 -0.8720 -0.1040 1.0373
0.5520 -0.8720 -0.1040 1.0373
0.5520 -0.8720 -0.1040 1.0373
0.5520 -0.8720 -0.1040 1.0373
0.5520 -0.8720 -0.1000 1.0369
0.5680 -0.8800 -0.1160 1.0538
0.5680 -0.8800 -0.1160 1.0538
0.5680 -0.8800 -0.1160 1.0538
0.5680 -0.8800 -0.1240 1.0547
0.5720 -0.8960 -0.1240 1.0702
0.5720 -0.8960 -0.1240 1.0702
0.5720 -0.8960 -0.1240 1.0702
0.5720 -0.8960 -0.1240 1.0702
0.5720 -0.8960 -0.1240 1.0702
0.5440 -0.8920 -0.0920 1.0488
0.5440 -0.8920 -0.0920 1.0488
0.5520 -0.8880 -0.0760 1.0483
0.5520 -0.8880 -0.0760 1.0483
0.5520 -0.8880 -0.0760 1.0483
0.5400 -0.8760 -0.0920 1.0332
0.5400 -0.8760 -0.0920 1.0332
0.5400 -0.8760 -0.0920 1.0332
0.5400 -0.8760 -0.0920 1.0332
0.5400 -0.8760 -0.0840 1.0325
0.5360 -0.8680 -0.0840 1.0236
0.5360 -0.8680 -0.0840 1.0236
0.5360 -0.8680 -0.0840 1.0236
0.5360 -0.8680 -0.0880 1.0239
0.5440 -0.8800 -0.0560 1.0361
0.5440 -0.8800 -0.0560 1.0361
0.5440 -0.8800 -0.0560 1.0361
0.5440 -0.8800 -0.0560 1.0361
0.5440 -0.8800 -0.0560 1.0361
0.5520 -0.8880 -0.0720 1.0481
0.5520 -0.8880 -0.0720 1.0481
0.5520 -0.8880 -0.0720 1.0481
0.5520 -0.8880 -0.0720 1.0481
0.5520 -0.8880 -0.0760 1.0483
0.5480 -0.8720 -0.0760 1.0327
0.5480 -0.8720 -0.0760 1.0327
0.5480 -0.8720 -0.0760 1.0327
0.5480 -0.8720 -0.0800 1.0330
0.5440 -0.8800 -0.1120 1.0406
0.5440 -0.8800 -0.1120 1.0406
0.5440 -0.8800 -0.1120 1.0406
0.5440 -0.8800 -0.1120 1.0406
0.5440 -0.8800 -0.1080 1.0402
0.5560 -0.8680 -0.0880 1.0346
0.5360 -0.8960 -0.1040 1.0493
0.5360 -0.8960 -0.1040 1.0493
0.5360 -0.8960 -0.1040 1.0493
0.5360 -0.8960 -0.1080 1.0497
0.5360 -0.8880 -0.1080 1.0428
0.5360 -0.8880 -0.1080 1.0428
0.5360 -0.8880 -0.1080 1.0428
0.5360 -0.8880 -0.1080 1.0428
0.5360 -0.8880 -0.1000 1.0420
0.5320 -0.8800 -0.0680 1.0306
0.5320 -0.8800 -0.0680 1.0306
0.5320 -0.8800 -0.0680 1.0306
0.5320 -0.8800 -0.0800 1.0314
0.5440 -0.8720 -0.1120 1.0339
0.5440 -0.8720 -0.1120 1.0339
0.5440 -0.8720 -0.1120 1.0339
0.5440 -0.8720 -0.1120 1.0339
0.5440 -0.8720 -0.1080 1.0334
0.5520 -0.8760 -0.0920 1.0395
0.5520 -0.8760 -0.0920 1.0395
0.5520 -0.8760 -0.0920 1.0395
0.5520 -0.8760 -0.0960 1.0399
0.5480 -0.8720 -0.1280 1.0378
0.5480 -0.8720 -0.1280 1.0378
0.5480 -0.8720 -0.1280 1.0378
0.5480 -0.8720 -0.1280 1.0378
0.5480 -0.8720 -0.1160 1.0364
0.5520 -0.8800 -0.0840 1.0422
0.5520 -0.8800 -0.0840 1.0422
0.5520 -0.8800 -0.0840 1.0422
0.5520 -0.8800 -0.0840 1.0422
0.5520 -0.8800 -0.0880 1.0425
0.5680 -0.8920 -0.0880 1.0611
0.5680 -0.8720 -0.0560 1.0422
0.5680 -0.8720 -0.0560 1.0422
0.5680 -0.8720 -0.0560 1.0422
0.5680 -0.8720 -0.0560 1.0422
0.5480 -0.8760 -0.0400 1.0341
0.5480 -0.8760 -0.0400 1.0341
0.5480 -0.8760 -0.0400 1.0341
0.5480 -0.8760 -0.0400 1.0341
0.5520 -0.8720 -0.0720 1.0345
0.5520 -0.8720 -0.0720 1.0345
0.5520 -0.8720 -0.0720 1.0345
0.5520 -0.8720 -0.0720 1.0345
0.5520 -0.8720 -0.0720 1.0345
0.5480 -0.8640 -0.0880 1.0269
0.5480 -0.8640 -0.0880 1.0269
0.5480 -0.8640 -0.0880 1.0269
0.5480 -0.8640 -0.0960 1.0276
0.5600 -0.8520 -0.1120 1.0257
0.5600 -0.8520 -0.1120 1.0257
0.5600 -0.8520 -0.1120 1.0257
0.5600 -0.8520 -0.1120 1.0257
0.5600 -0.8520 -0.1000 1.0245
0.5560 -0.8760 -0.0680 1.0398
0.5560 -0.8760 -0.0680 1.0398
0.5560 -0.8760 -0.0680 1.0398
0.5560 -0.8760 -0.0680 1.0398
0.5560 -0.8760 -0.0760 1.0403
0.5360 -0.8760 -0.0920 1.0311
0.5360 -0.8760 -0.0920 1.0311
0.5360 -0.8760 -0.0920 1.0311
0.5360 -0.8760 -0.0960 1.0314
0.5520 -0.8680 -0.0920 1.0328
0.5480 -0.8760 -0.0600 1.0350
0.5480 -0.8760 -0.0600 1.0350
0.5480 -0.8760 -0.0600 1.0350
0.5480 -0.8760 -0.0600 1.0350
0.5480 -0.8760 -0.0560 1.0348
0.5400 -0.8720 -0.0560 1.0272
0.5400 -0.8720 -0.0560 1.0272
0.5400 -0.8720 -0.0560 1.0272
0.5400 -0.8720 -0.0520 1.0270
0.5280 -0.8640 -0.1000 1.0175
0.5280 -0.8640 -0.1000 1.0175
0.5280 -0.8640 -0.1000 1.0175
0.5280 -0.8640 -0.1000 1.0175
0.5280 -0.8640 -0.1080 1.0183
0.5480 -0.8560 -0.1240 1.0239
0.5480 -0.8560 -0.1240 1.0239
0.5480 -0.8560 -0.1240 1.0239
0.5480 -0.8560 -0.1240 1.0239
0.5680 -0.8720 -0.1240 1.0480
0.5680 -0.8720 -0.1240 1.0480
0.5680 -0.8720 -0.1240 1.0480
0.5680 -0.8720 -0.1240 1.0480
0.5680 -0.8720 -0.1160 1.0471
0.5720 -0.8840 -0.0680 1.0551
0.5720 -0.8840 -0.0680 1.0551
0.5720 -0.8840 -0.0680 1.0551
0.5720 -0.8840 -0.0680 1.0551
0.5720 -0.8840 -0.0800 1.0560
0.5440 -0.8720 -0.0640 1.0298
0.5440 -0.8720 -0.0640 1.0298
0.5440 -0.8720 -0.0640 1.0298
0.5480 -0.8800 -0.0800 1.0398
0.5480 -0.8800 -0.0680 1.0389
0.5560 -0.8760 -0.0680 1.0398
0.5560 -0.8760 -0.0680 1.0398
0.5560 -0.8760 -0.0680 1.0398
0.5560 -0.8760 -0.0720 1.0400
0.5520 -0.8680 -0.1040 1.0339
0.5520 -0.8680 -0.1040 1.0339
0.5520 -0.8680 -0.1040 1.0339
0.5520 -0.8680 -0.1040 1.0339
0.5520 -0.8680 -0.1080 1.0343
0.5680 -0.8720 -0.1080 1.0463
0.5680 -0.8720 -0.1080 1.0463
0.5680 -0.8720 -0.1080 1.0463
0.5680 -0.8720 -0.1080 1.0463
0.5680 -0.8720 -0.1000 1.0455
0.5680 -0.8960 -0.0840 1.0642
0.5680 -0.8960 -0.0840 1.0642
0.5680 -0.8960 -0.0840 1.0642
0.5680 -0.8960 -0.0920 1.0648
0.5520 -0.8960 -0.0600 1.0541
0.5520 -0.8960 -0.0600 1.0541
0.5520 -0.8960 -0.0600 1.0541
0.5520 -0.8960 -0.0600 1.0541
0.5520 -0.8960 -0.0640 1.0543
0.5480 -0.8800 -0.0640 1.0387
0.5480 -0.8800 -0.0640 1.0387
0.5480 -0.8800 -0.0640 1.0387
0.5480 -0.8800 -0.0560 1.0382
0.5360 -0.8720 -0.0720 1.0261
0.5360 -0.8720 -0.0720 1.0261
0.5360 -0.8720 -0.0800 1.0267
0.5480 -0.8680 -0.0960 1.0310
0.5480 -0.8680 -0.0960 1.0310
0.5480 -0.8680 -0.0840 1.0299
0.5560 -0.8920 -0.0520 1.0524
0.5560 -0.8920 -0.0520 1.0524
0.5560 -0.8920 -0.0520 1.0524
0.5560 -0.8920 -0.0560 1.0526
0.5320 -0.8680 -0.0720 1.0206
0.5320 -0.8680 -0.0720 1.0206
0.5320 -0.8680 -0.0720 1.0206
0.5320 -0.8680 -0.0720 1.0206
0.5320 -0.8680 -0.0760 1.0209
0.5560 -0.8720 -0.0920 1.0383
0.5560 -0.8720 -0.0920 1.0383
0.5560 -0.8720 -0.0920 1.0383
0.5560 -0.8720 -0.0960 1.0386
0.5640 -0.8680 -0.1120 1.0412
0.5640 -0.8680 -0.1120 1.0412
0.5640 -0.8680 -0.1120 1.0412
0.5640 -0.8680 -0.1120 1.0412
0.5640 -0.8680 -0.1000 1.0400
0.5480 -0.8720 -0.0520 1.0312
0.5480 -0.8720 -0.0520 1.0312
0.5480 -0.8720 -0.0520 1.0312
0.5480 -0.8720 -0.0520 1.0312
0.5480 -0.8720 -0.0560 1.0314
0.5520 -0.8720 -0.0720 1.0345
0.5520 -0.8720 -0.0720 1.0345
0.5520 -0.8720 -0.0720 1.0345
0.5520 -0.8720 -0.0800 1.0351
0.5600 -0.8600 -0.0960 1.0307
0.5600 -0.8600 -0.0880 1.0300
0.5560 -0.8720 -0.1040 1.0394
0.5560 -0.8720 -0.1040 1.0394
0.5560 -0.8720 -0.1120 1.0402
0.5440 -0.8760 -0.0800 1.0343
0.5440 -0.8760 -0.0800 1.0343
0.5440 -0.8760 -0.0800 1.0343
0.5440 -0.8760 -0.0800 1.0343
0.5440 -0.8760 -0.0760 1.0340
0.5560 -0.8720 -0.0760 1.0370
0.5560 -0.8720 -0.0760 1.0370
0.5560 -0.8720 -0.0760 1.0370
0.5560 -0.8720 -0.0760 1.0370
0.5560 -0.8720 -0.0800 1.0373
0.5480 -0.8760 -0.1120 1.0393
0.5480 -0.8760 -0.1120 1.0393
0.5480 -0.8760 -0.1120 1.0393
0.5480 -0.8760 -0.1000 1.0381
0.5560 -0.8680 -0.0840 1.0342
0.5560 -0.8680 -0.0840 1.0342
0.5560 -0.8680 -0.0840 1.0342
0.5560 -0.8680 -0.0840 1.0342
0.5560 -0.8680 -0.0880 1.0346
0.5560 -0.8960 -0.0720 1.0569
0.5560 -0.8960 -0.0720 1.0569
0.5560 -0.8960 -0.0720 1.0569
0.5560 -0.8960 -0.0680 1.0567
0.5520 -0.8720 -0.0680 1.0343
0.5520 -0.8720 -0.0680 1.0343
0.5520 -0.8720 -0.0680 1.0343
0.5520 -0.8720 -0.0680 1.0343
0.5520 -0.8720 -0.0680 1.0343
0.5440 -0.8720 -0.0840 1.0312
0.5320 -0.8800 -0.1000 1.0332
0.5320 -0.8800 -0.1000 1.0332
0.5320 -0.8800 -0.1000 1.0332
0.5320 -0.8800 -0.1080 1.0340
0.5480 -0.8760 -0.1400 1.0427
0.5480 -0.8760 -0.1400 1.0427
0.5480 -0.8760 -0.1400 1.0427
0.5480 -0.8760 -0.1400 1.0427
0.5480 -0.8760 -0.1360 1.0422
0.5560 -0.8880 -0.1040 1.0529
0.5560 -0.8880 -0.1040 1.0529
0.5560 -0.8880 -0.1040 1.0529
0.5560 -0.8880 -0.1120 1.0537
0.5720 -0.8840 -0.1440 1.0627
0.5720 -0.8840 -0.1440 1.0627
0.5720 -0.8840 -0.1440 1.0627
0.5720 -0.8840 -0.1440 1.0627
0.5720 -0.8840 -0.1360 1.0617
0.5520 -0.8680 -0.1040 1.0339
0.5520 -0.8680 -0.1040 1.0339
0.5520 -0.8680 -0.1040 1.0339
0.5520 -0.8680 -0.1040 1.0339
0.5520 -0.8680 -0.1040 1.0339
0.5360 -0.8720 -0.1040 1.0288
0.5360 -0.8720 -0.1040 1.0288
0.5360 -0.8720 -0.1040 1.0288
0.5360 -0.8720 -0.1040 1.0288
0.5520 -0.8720 -0.1040 1.0373
0.5520 -0.8720 -0.1040 1.0373
0.5520 -0.8720 -0.1040 1.0373
0.5520 -0.8720 -0.1040 1.0373
0.5520 -0.8720 -0.1040 1.0373
0.5440 -0.8760 -0.0880 1.0349
0.5560 -0.8920 -0.1040 1.0562
0.5560 -0.8920 -0.1040 1.0562
0.5560 -0.8920 -0.1040 1.0562
0.5560 -0.8920 -0.1120 1.0570
0.5480 -0.8680 -0.1440 1.0366
0.5480 -0.8680 -0.1440 1.0366
0.5480 -0.8680 -0.1440 1.0366
0.5480 -0.8680 -0.1440 1.0366
0.5480 -0.8680 -0.1360 1.0355
0.5640 -0.8800 -0.1520 1.0562
0.5640 -0.8800 -0.1520 1.0562
0.5640 -0.8800 -0.1520 1.0562
0.5640 -0.8800 -0.1600 1.0574
0.5800 -0.8720 -0.1440 1.0571
0.5800 -0.8720 -0.1440 1.0571
0.5800 -0.8720 -0.1440 1.0571
0.5800 -0.8720 -0.1440 1.0571
0.5800 -0.8720 -0.1440 1.0571
0.5680 -0.8840 -0.1120 1.0567
0.5680 -0.8840 -0.1120 1.0567
0.5680 -0.8840 -0.1120 1.0567
0.5680 -0.8840 -0.1120 1.0567
0.5680 -0.8840 -0.1120 1.0567
0.5480 -0.8680 -0.1120 1.0326
0.5480 -0.8680 -0.1120 1.0326
0.5480 -0.8680 -0.1120 1.0326
0.5480 -0.8680 -0.1000 1.0314
0.5320 -0.8720 -0.1000 1.0264
0.5320 -0.8720 -0.1000 1.0264
0.5320 -0.8720 -0.1000 1.0264
0.5320 -0.8720 -0.1120 1.0276
0.5440 -0.8680 -0.1240 1.0319
0.5480 -0.8760 -0.1240 1.0407
0.5480 -0.8760 -0.1240 1.0407
0.5480 -0.8760 -0.1240 1.0407
0.5480 -0.8760 -0.1240 1.0407
0.5480 -0.8760 -0.1160 1.0398
0.5440 -0.8680 -0.1000 1.0293
0.5440 -0.8680 -0.1000 1.0293
0.5440 -0.8680 -0.1000 1.0293
0.5440 -0.8680 -0.1000 1.0293
0.5440 -0.8680 -0.1080 1.0301
0.5560 -0.8800 -0.1080 1.0465
0.5560 -0.8800 -0.1080 1.0465
0.5560 -0.8800 -0.1080 1.0465
0.5560 -0.8800 -0.1120 1.0469
0.5560 -0.8800 -0.1120 1.0469
0.5560 -0.8800 -0.1120 1.0469
0.5560 -0.8800 -0.1120 1.0469
0.5560 -0.8800 -0.1120 1.0469
0.5560 -0.8800 -0.1040 1.0461
0.5440 -0.8760 -0.1040 1.0364
0.5440 -0.8760 -0.1040 1.0364
0.5440 -0.8760 -0.1040 1.0364
0.5440 -0.8760 -0.1120 1.0372
0.5720 -0.8960 -0.0800 1.0660
0.5720 -0.8960 -0.0800 1.0660
0.5720 -0.8960 -0.0800 1.0660
0.5720 -0.8960 -0.0800 1.0660
0.5720 -0.8960 -0.0800 1.0660
0.5560 -0.8960 -0.0800 1.0575
0.5560 -0.8960 -0.0800 1.0575
0.5560 -0.8960 -0.0800 1.0575
0.5440 -0.8720 -0.0960 1.0322
0.5440 -0.8720 -0.0920 1.0319
0.5320 -0.8680 -0.0920 1.0222
0.5320 -0.8680 -0.0920 1.0222
0.5320 -0.8680 -0.0920 1.0222
0.5320 -0.8680 -0.0920 1.0222
0.5320 -0.8680 -0.0920 1.0222
0.5360 -0.8720 -0.0760 1.0264
0.5360 -0.8720 -0.0760 1.0264
0.5360 -0.8720 -0.0760 1.0264
0.5360 -0.8720 -0.0800 1.0267
0.5440 -0.8800 -0.0640 1.0365
0.5440 -0.8800 -0.0640 1.0365
0.5440 -0.8800 -0.0640 1.0365
0.5440 -0.8800 -0.0640 1.0365
0.5440 -0.8800 -0.0600 1.0363
0.5560 -0.8920 -0.0760 1.0538
0.5560 -0.8920 -0.0760 1.0538
0.5560 -0.8920 -0.0760 1.0538
0.5560 -0.8920 -0.0760 1.0538
0.5560 -0.8920 -0.0760 1.0538
0.5520 -0.8680 -0.0920 1.0328
0.5520 -0.8680 -0.0920 1.0328
0.5520 -0.8680 -0.0920 1.0328
0.5520 -0.8680 -0.0920 1.0328
0.5440 -0.8800 -0.1080 1.0402
0.5440 -0.8800 -0.1080 1.0402
0.5440 -0.8800 -0.1080 1.0402
0.5440 -0.8800 -0.1080 1.0402
0.5440 -0.8800 -0.1040 1.0398
0.5560 -0.8760 -0.0880 1.0413
0.5560 -0.8760 -0.0920 1.0416
0.5480 -0.8680 -0.0920 1.0306
0.5480 -0.8680 -0.0920 1.0306
0.5480 -0.8680 -0.0960 1.0310
0.5720 -0.8720 -0.0800 1.0459
0.5720 -0.8720 -0.0800 1.0459
0.5720 -0.8720 -0.0800 1.0459
0.5720 -0.8720 -0.0800 1.0459
0.5720 -0.8720 -0.0680 1.0451
0.5640 -0.8600 -0.0840 1.0319
0.5640 -0.8600 -0.0840 1.0319
0.5640 -0.8600 -0.0840 1.0319
0.5640 -0.8600 -0.0840 1.0319
0.5480 -0.8680 -0.0840 1.0299
0.5480 -0.8680 -0.0840 1.0299
0.5480 -0.8680 -0.0840 1.0299
0.5480 -0.8680 -0.0840 1.0299
0.5480 -0.8680 -0.0880 1.0303
0.5520 -0.8800 -0.0560 1.0403
0.5520 -0.8800 -0.0560 1.0403
0.5520 -0.8800 -0.0560 1.0403
0.5520 -0.8800 -0.0560 1.0403
0.5440 -0.8720 -0.1040 1.0330
0.5440 -0.8720 -0.1040 1.0330
0.5440 -0.8720 -0.1040 1.0330
0.5440 -0.8720 -0.1040 1.0330
0.5440 -0.8720 -0.1040 1.0330
0.5520 -0.8880 -0.0720 1.0481
0.5520 -0.8880 -0.0720 1.0481
0.5520 -0.8880 -0.0720 1.0481
0.5520 -0.8880 -0.0720 1.0481
0.5520 -0.8880 -0.0800 1.0486
