0.5440 -0.9280 -0.0720 1.0781
0.5280 -0.8960 -0.0720 1.0425
0.5280 -0.8960 -0.0720 1.0425
0.5280 -0.8960 -0.0720 1.0425
0.5280 -0.8960 -0.0720 1.0425
0.5280 -0.8960 -0.0720 1.0425
0.5280 -0.8960 -0.0720 1.0425
0.5280 -0.8960 -0.0720 1.0425
0.5280 -0.8960 -0.0720 1.0425
0.5280 -0.8960 -0.0720 1.0425
0.5280 -0.8960 -0.0720 1.0425
0.5280 -0.8960 -0.0720 1.0425
0.5280 -0.8880 -0.1040 1.0383
0.5280 -0.8880 -0.1040 1.0383
0.5280 -0.8880 -0.1040 1.0383
0.5280 -0.8880 -0.1040 1.0383
0.5280 -0.8880 -0.1040 1.0383
0.5280 -0.8880 -0.1040 1.0383
0.5280 -0.8880 -0.1040 1.0383
0.5280 -0.8880 -0.1040 1.0383
0.5280 -0.8880 -0.1040 1.0383
0.5280 -0.8880 -0.1040 1.0383
0.5280 -0.8880 -0.1040 1.0383
0.5280 -0.8880 -0.1040 1.0383
0.5280 -0.8880 -0.1040 1.0383
0.5280 -0.8880 -0.1040 1.0383
0.5280 -0.8880 -0.1040 1.0383
0.5280 -0.8880 -0.1040 1.0383
0.5280 -0.8880 -0.1040 1.0383
0.5280 -0.8880 -0.1040 1.0383
0.5280 -0.8880 -0.1040 1.0383
0.5280 -0.8880 -0.1040 1.0383
0.5280 -0.8880 -0.1120 1.0392
0.5200 -0.8960 -0.1120 1.0420
0.5200 -0.8960 -0.1120 1.0420
0.5200 -0.8960 -0.1120 1.0420
0.5200 -0.8960 -0.1120 1.0420
0.5200 -0.8960 -0.1120 1.0420
0.5200 -0.8960 -0.1120 1.0420
0.5200 -0.8960 -0.1120 1.0420
0.5200 -0.8960 -0.1120 1.0420
0.5200 -0.8960 -0.1120 1.0420
0.5200 -0.8960 -0.1120 1.0420
0.5200 -0.8960 -0.1120 1.0420
0.5200 -0.8960 -0.1120 1.0420
0.5200 -0.8960 -0.1120 1.0420
0.5200 -0.8960 -0.1120 1.0420
0.5200 -0.8960 -0.1120 1.0420
0.5200 -0.8960 -0.1120 1.0420
0.5200 -0.8960 -0.1120 1.0420
0.5200 -0.8960 -0.1120 1.0420
0.5200 -0.8960 -0.1120 1.0420
0.5200 -0.8960 -0.1120 1.0420
0.5200 -0.8960 -0.1120 1.0420
0.5200 -0.8960 -0.1120 1.0420
0.5200 -0.8960 -0.1120 1.0420
0.5200 -0.8960 -0.1120 1.0420
0.5200 -0.8960 -0.1120 1.0420
0.5200 -0.8960 -0.1120 1.0420
0.5200 -0.8960 -0.1120 1.0420
0.5200 -0.8960 -0.1120 1.0420
0.5200 -0.8960 -0.1120 1.0420
0.5200 -0.8960 -0.1120 1.0420
0.5200 -0.8960 -0.1120 1.0420
0.5200 -0.8960 -0.1120 1.0420
0.5280 -0.8880 -0.1120 1.0392
0.5280 -0.8880 -0.1120 1.0392
0.5280 -0.8880 -0.1120 1.0392
0.5280 -0.8880 -0.1120 1.0392
0.5280 -0.8880 -0.1120 1.0392
0.5280 -0.8880 -0.1120 1.0392
0.5280 -0.8880 -0.1120 1.0392
0.5280 -0.8880 -0.1120 1.0392
0.5280 -0.8880 -0.1120 1.0392
0.5280 -0.8880 -0.1120 1.0392
0.5280 -0.8880 -0.1120 1.0392
0.5280 -0.8880 -0.1120 1.0392
0.5280 -0.8880 -0.1120 1.0392
0.5280 -0.8880 -0.1120 1.0392
0.5280 -0.8880 -0.1120 1.0392
0.5280 -0.8880 -0.1120 1.0392
0.5280 -0.8880 -0.1120 1.0392
0.5280 -0.8880 -0.1120 1.0392
0.5280 -0.8880 -0.1120 1.0392
0.5280 -0.8880 -0.1120 1.0392
0.5280 -0.8880 -0.1120 1.0392
0.5280 -0.8880 -0.1120 1.0392
0.5280 -0.8880 -0.1120 1.0392
0.5280 -0.8880 -0.1120 1.0392
0.5280 -0.8880 -0.1120 1.0392
0.5280 -0.8880 -0.1120 1.0392
0.5280 -0.8880 -0.1120 1.0392
0.5280 -0.8880 -0.1120 1.0392
0.5280 -0.8880 -0.1120 1.0392
0.5280 -0.8880 -0.1120 1.0392
0.5280 -0.8880 -0.1120 1.0392
0.5280 -0.8880 -0.1120 1.0392
0.5200 -0.8800 -0.1120 1.0283
0.5200 -0.8800 -0.1120 1.0283
0.5200 -0.8800 -0.1120 1.0283
0.5200 -0.8800 -0.1120 1.0283
0.5200 -0.8800 -0.1120 1.0283
0.5200 -0.8800 -0.1120 1.0283
0.5200 -0.8800 -0.1120 1.0283
0.5200 -0.8800 -0.1120 1.0283
0.5200 -0.8800 -0.1120 1.0283
0.5200 -0.8800 -0.1120 1.0283
0.5200 -0.8800 -0.1120 1.0283
0.5200 -0.8800 -0.1120 1.0283
0.5200 -0.8800 -0.1120 1.0283
0.5200 -0.8800 -0.1120 1.0283
0.5200 -0.8800 -0.1120 1.0283
0.5200 -0.8800 -0.1120 1.0283
0.5200 -0.8800 -0.1120 1.0283
0.5200 -0.8800 -0.1120 1.0283
0.5200 -0.8800 -0.1120 1.0283
0.5200 -0.8800 -0.1120 1.0283
0.5200 -0.8800 -0.1120 1.0283
0.5200 -0.8800 -0.1120 1.0283
0.5200 -0.8800 -0.1120 1.0283
0.5200 -0.8800 -0.1120 1.0283
0.5200 -0.8800 -0.1120 1.0283
0.5200 -0.8800 -0.1120 1.0283
0.5200 -0.8800 -0.1120 1.0283
0.5200 -0.8800 -0.1120 1.0283
0.5200 -0.8800 -0.1120 1.0283
0.5200 -0.8800 -0.1120 1.0283
0.5200 -0.8800 -0.1120 1.0283
0.5200 -0.8800 -0.1120 1.0283
0.5280 -0.8720 -0.1120 1.0255
0.5280 -0.8720 -0.1120 1.0255
0.5280 -0.8720 -0.1120 1.0255
0.5280 -0.8720 -0.1120 1.0255
0.5280 -0.8720 -0.1120 1.0255
0.5280 -0.8720 -0.1120 1.0255
0.5280 -0.8720 -0.1120 1.0255
0.5280 -0.8720 -0.1120 1.0255
0.5280 -0.8720 -0.1120 1.0255
0.5280 -0.8720 -0.1120 1.0255
0.5280 -0.8720 -0.1120 1.0255
0.5280 -0.8720 -0.1120 1.0255
0.5280 -0.8720 -0.1120 1.0255
0.5280 -0.8720 -0.1120 1.0255
0.5280 -0.8720 -0.1120 1.0255
0.5280 -0.8720 -0.1120 1.0255
0.5280 -0.8720 -0.1120 1.0255
0.5280 -0.8720 -0.1120 1.0255
0.5280 -0.8720 -0.1120 1.0255
0.5280 -0.8720 -0.1120 1.0255
0.5280 -0.8720 -0.1120 1.0255
0.5280 -0.8720 -0.1120 1.0255
0.5280 -0.8720 -0.1120 1.0255
0.5280 -0.8720 -0.1120 1.0255
0.5280 -0.8720 -0.1120 1.0255
0.5280 -0.8720 -0.1120 1.0255
0.5280 -0.8720 -0.1120 1.0255
0.5280 -0.8720 -0.1120 1.0255
0.5280 -0.8720 -0.1120 1.0255
0.5280 -0.8720 -0.1120 1.0255
0.5280 -0.8720 -0.1120 1.0255
0.5280 -0.8720 -0.1040 1.0247
0.5280 -0.8720 -0.1040 1.0247
0.5280 -0.8720 -0.1040 1.0247
0.5280 -0.8720 -0.1040 1.0247
0.5280 -0.8720 -0.1040 1.0247
0.5280 -0.8720 -0.1040 1.0247
0.5280 -0.8720 -0.1040 1.0247
0.5280 -0.8720 -0.1040 1.0247
0.5280 -0.8720 -0.1040 1.0247
0.5280 -0.8720 -0.1040 1.0247
0.5280 -0.8720 -0.1040 1.0247
0.5280 -0.8720 -0.1040 1.0247
0.5280 -0.8720 -0.1040 1.0247
0.5280 -0.8720 -0.1040 1.0247
0.5280 -0.8720 -0.1040 1.0247
0.5280 -0.8720 -0.1040 1.0247
0.5280 -0.8720 -0.1040 1.0247
0.5280 -0.8720 -0.1040 1.0247
0.5280 -0.8720 -0.1040 1.0247
0.5280 -0.8720 -0.1040 1.0247
0.5280 -0.8720 -0.1040 1.0247
0.5280 -0.8720 -0.1040 1.0247
0.5280 -0.8720 -0.1040 1.0247
0.5280 -0.8720 -0.1040 1.0247
0.5280 -0.8720 -0.1040 1.0247
0.5280 -0.8720 -0.1040 1.0247
0.5280 -0.8720 -0.1040 1.0247
0.5280 -0.8720 -0.1040 1.0247
0.5280 -0.8720 -0.1040 1.0247
0.5280 -0.8720 -0.1040 1.0247
0.5280 -0.8720 -0.1040 1.0247
0.5280 -0.8720 -0.1040 1.0247
0.5280 -0.8720 -0.1200 1.0264
0.5680 -0.8800 -0.0880 1.0511
0.5680 -0.8800 -0.0880 1.0511
0.5680 -0.8800 -0.0880 1.0511
0.5680 -0.8800 -0.0880 1.0511
0.5680 -0.8800 -0.0880 1.0511
0.5680 -0.8800 -0.0880 1.0511
0.5680 -0.8800 -0.0880 1.0511
0.5680 -0.8800 -0.0880 1.0511
0.5680 -0.8800 -0.0880 1.0511
0.5680 -0.8800 -0.0880 1.0511
0.5680 -0.8800 -0.0880 1.0511
0.5680 -0.8800 -0.0880 1.0511
0.5680 -0.8800 -0.0880 1.0511
0.5680 -0.8800 -0.0880 1.0511
0.5680 -0.8800 -0.0880 1.0511
0.5680 -0.8800 -0.0880 1.0511
0.5680 -0.8800 -0.0880 1.0511
0.5680 -0.8800 -0.0880 1.0511
0.5680 -0.8800 -0.0880 1.0511
0.5680 -0.8800 -0.0880 1.0511
0.5680 -0.8800 -0.0880 1.0511
0.5680 -0.8800 -0.0880 1.0511
0.5680 -0.8800 -0.0880 1.0511
0.5680 -0.8800 -0.0880 1.0511
0.5680 -0.8800 -0.0880 1.0511
0.5680 -0.8800 -0.0880 1.0511
0.5680 -0.8800 -0.0880 1.0511
0.5680 -0.8800 -0.0880 1.0511
0.5680 -0.8800 -0.0880 1.0511
0.5680 -0.8800 -0.0880 1.0511
0.5680 -0.8800 -0.0880 1.0511
0.5680 -0.8800 -0.0880 1.0511
0.5600 -0.8800 -0.0880 1.0468
0.5600 -0.8800 -0.0880 1.0468
0.5600 -0.8800 -0.0880 1.0468
0.5600 -0.8800 -0.0880 1.0468
0.5600 -0.8800 -0.0880 1.0468
0.5600 -0.8800 -0.0880 1.0468
0.5600 -0.8800 -0.0880 1.0468
0.5600 -0.8800 -0.0880 1.0468
0.5600 -0.8800 -0.0880 1.0468
0.5600 -0.8800 -0.0880 1.0468
0.5600 -0.8800 -0.0880 1.0468
0.5600 -0.8800 -0.0880 1.0468
0.5600 -0.8800 -0.0880 1.0468
0.5600 -0.8800 -0.0880 1.0468
0.5600 -0.8800 -0.0880 1.0468
0.5600 -0.8800 -0.0880 1.0468
0.5600 -0.8800 -0.0880 1.0468
0.5600 -0.8800 -0.0880 1.0468
0.5600 -0.8800 -0.0880 1.0468
0.5600 -0.8800 -0.0880 1.0468
0.5600 -0.8800 -0.0880 1.0468
0.5600 -0.8800 -0.0880 1.0468
0.5600 -0.8800 -0.0880 1.0468
0.5600 -0.8800 -0.0880 1.0468
0.5600 -0.8800 -0.0880 1.0468
0.5600 -0.8800 -0.0880 1.0468
0.5600 -0.8800 -0.0880 1.0468
0.5600 -0.8800 -0.0880 1.0468
0.5600 -0.8800 -0.0880 1.0468
0.5600 -0.8800 -0.0880 1.0468
0.5600 -0.8800 -0.0880 1.0468
0.5600 -0.8800 -0.0880 1.0468
0.5600 -0.8960 -0.0560 1.0581
0.5600 -0.8960 -0.0560 1.0581
0.5600 -0.8960 -0.0560 1.0581
0.5600 -0.8960 -0.0560 1.0581
0.5600 -0.8960 -0.0560 1.0581
0.5600 -0.8960 -0.0560 1.0581
0.5600 -0.8960 -0.0560 1.0581
0.5600 -0.8960 -0.0560 1.0581
0.5600 -0.8960 -0.0560 1.0581
0.5600 -0.8960 -0.0560 1.0581
0.5600 -0.8960 -0.0560 1.0581
0.5600 -0.8960 -0.0560 1.0581
0.5600 -0.8960 -0.0560 1.0581
0.5600 -0.8960 -0.0560 1.0581
0.5600 -0.8960 -0.0560 1.0581
0.5600 -0.8960 -0.0560 1.0581
0.5600 -0.8960 -0.0560 1.0581
0.5600 -0.8960 -0.0560 1.0581
0.5600 -0.8960 -0.0560 1.0581
0.5600 -0.8960 -0.0560 1.0581
0.5600 -0.8960 -0.0560 1.0581
0.5600 -0.8960 -0.0560 1.0581
0.5600 -0.8960 -0.0560 1.0581
0.5600 -0.8960 -0.0560 1.0581
0.5600 -0.8960 -0.0560 1.0581
0.5600 -0.8960 -0.0560 1.0581
0.5600 -0.8960 -0.0560 1.0581
0.5600 -0.8960 -0.0560 1.0581
0.5600 -0.8960 -0.0560 1.0581
0.5600 -0.8960 -0.0560 1.0581
0.5600 -0.8960 -0.0560 1.0581
0.5600 -0.8960 -0.0640 1.0585
0.5680 -0.8880 -0.0960 1.0585
0.5680 -0.8880 -0.0960 1.0585
0.5680 -0.8880 -0.0960 1.0585
0.5680 -0.8880 -0.0960 1.0585
0.5680 -0.8880 -0.0960 1.0585
0.5680 -0.8880 -0.0960 1.0585
0.5680 -0.8880 -0.0960 1.0585
0.5680 -0.8880 -0.0960 1.0585
0.5680 -0.8880 -0.0960 1.0585
0.5680 -0.8880 -0.0960 1.0585
0.5680 -0.8880 -0.0960 1.0585
0.5680 -0.8880 -0.0960 1.0585
0.5680 -0.8880 -0.0960 1.0585
0.5680 -0.8880 -0.0960 1.0585
0.5680 -0.8880 -0.0960 1.0585
0.5680 -0.8880 -0.0960 1.0585
0.5680 -0.8880 -0.0960 1.0585
0.5680 -0.8880 -0.0960 1.0585
0.5680 -0.8880 -0.0960 1.0585
0.5680 -0.8880 -0.0960 1.0585
0.5680 -0.8880 -0.0960 1.0585
0.5680 -0.8880 -0.0960 1.0585
0.5680 -0.8880 -0.0960 1.0585
0.5680 -0.8880 -0.0960 1.0585
0.5680 -0.8880 -0.0960 1.0585
0.5680 -0.8880 -0.0960 1.0585
0.5680 -0.8880 -0.0960 1.0585
0.5680 -0.8880 -0.0960 1.0585
0.5680 -0.8880 -0.0960 1.0585
0.5680 -0.8880 -0.0960 1.0585
0.5680 -0.8880 -0.0960 1.0585
0.5680 -0.8880 -0.0960 1.0585
0.5680 -0.8960 -0.0960 1.0652
0.5680 -0.8960 -0.0960 1.0652
0.5680 -0.8960 -0.0960 1.0652
0.5680 -0.8960 -0.0960 1.0652
0.5680 -0.8960 -0.0960 1.0652
0.5680 -0.8960 -0.0960 1.0652
0.5680 -0.8960 -0.0960 1.0652
0.5680 -0.8960 -0.0960 1.0652
0.5680 -0.8960 -0.0960 1.0652
0.5680 -0.8960 -0.0960 1.0652
0.5680 -0.8960 -0.0960 1.0652
0.5680 -0.8960 -0.0960 1.0652
0.5680 -0.8960 -0.0960 1.0652
0.5680 -0.8960 -0.0960 1.0652
0.5680 -0.8960 -0.0960 1.0652
0.5680 -0.8960 -0.0960 1.0652
0.5680 -0.8960 -0.0960 1.0652
0.5680 -0.8960 -0.0960 1.0652
0.5680 -0.8960 -0.0960 1.0652
0.5680 -0.8960 -0.0960 1.0652
0.5680 -0.8960 -0.0960 1.0652
0.5680 -0.8960 -0.0960 1.0652
0.5680 -0.8960 -0.0960 1.0652
0.5680 -0.8960 -0.0960 1.0652
0.5680 -0.8960 -0.0960 1.0652
0.5680 -0.8960 -0.0960 1.0652
0.5680 -0.8960 -0.0960 1.0652
0.5680 -0.8960 -0.0960 1.0652
0.5680 -0.8960 -0.0960 1.0652
0.5680 -0.8960 -0.0960 1.0652
0.5680 -0.8960 -0.0960 1.0652
0.5680 -0.8960 -0.0960 1.0652
0.5680 -0.8960 -0.0960 1.0652
0.5680 -0.8960 -0.0960 1.0652
0.5680 -0.8960 -0.0960 1.0652
0.5680 -0.8960 -0.0960 1.0652
0.5680 -0.8960 -0.0960 1.0652
0.5680 -0.8960 -0.0960 1.0652
0.5680 -0.8960 -0.0960 1.0652
0.5680 -0.8960 -0.0960 1.0652
0.5680 -0.8960 -0.0960 1.0652
0.5680 -0.8960 -0.0960 1.0652
0.5680 -0.8960 -0.0960 1.0652
0.5680 -0.8960 -0.0960 1.0652
0.5680 -0.8960 -0.0960 1.0652
0.5680 -0.8960 -0.0960 1.0652
0.5680 -0.8960 -0.0960 1.0652
0.5680 -0.8960 -0.0960 1.0652
0.5680 -0.8960 -0.0960 1.0652
0.5680 -0.8960 -0.0960 1.0652
0.5680 -0.8960 -0.0960 1.0652
0.5680 -0.8960 -0.0960 1.0652
0.5680 -0.8960 -0.0960 1.0652
0.5680 -0.8960 -0.0960 1.0652
0.5680 -0.8960 -0.0960 1.0652
0.5680 -0.8960 -0.0960 1.0652
0.5680 -0.8960 -0.0960 1.0652
0.5680 -0.8960 -0.0960 1.0652
0.5680 -0.8960 -0.0960 1.0652
0.5680 -0.8960 -0.0960 1.0652
0.5680 -0.8960 -0.0960 1.0652
0.5680 -0.8960 -0.0960 1.0652
0.5680 -0.8960 -0.0960 1.0652
0.5680 -0.8960 -0.0720 1.0633
0.5360 -0.8720 -0.1040 1.0288
0.5360 -0.8720 -0.1040 1.0288
0.5360 -0.8720 -0.1040 1.0288
0.5360 -0.8720 -0.1040 1.0288
0.5360 -0.8720 -0.1040 1.0288
0.5360 -0.8720 -0.1040 1.0288
0.5360 -0.8720 -0.1040 1.0288
0.5360 -0.8720 -0.1040 1.0288
0.5360 -0.8720 -0.1040 1.0288
0.5360 -0.8720 -0.1040 1.0288
0.5360 -0.8720 -0.1040 1.0288
0.5360 -0.8720 -0.1040 1.0288
0.5360 -0.8720 -0.1040 1.0288
0.5360 -0.8720 -0.1040 1.0288
0.5360 -0.8720 -0.1040 1.0288
0.5360 -0.8720 -0.1040 1.0288
0.5360 -0.8720 -0.1040 1.0288
0.5360 -0.8720 -0.1040 1.0288
0.5360 -0.8720 -0.1040 1.0288
0.5360 -0.8720 -0.1040 1.0288
0.5360 -0.8720 -0.1040 1.0288
0.5360 -0.8720 -0.1040 1.0288
0.5360 -0.8720 -0.1040 1.0288
0.5360 -0.8720 -0.1040 1.0288
0.5360 -0.8720 -0.1040 1.0288
0.5360 -0.8720 -0.1040 1.0288
0.5360 -0.8720 -0.1040 1.0288
0.5360 -0.8720 -0.1040 1.0288
0.5360 -0.8720 -0.1040 1.0288
0.5360 -0.8720 -0.1040 1.0288
0.5360 -0.8720 -0.1040 1.0288
0.5360 -0.8720 -0.1040 1.0288
0.5360 -0.8960 -0.0720 1.0466
0.5360 -0.8960 -0.0720 1.0466
0.5360 -0.8960 -0.0720 1.0466
0.5360 -0.8960 -0.0720 1.0466
0.5360 -0.8960 -0.0720 1.0466
0.5360 -0.8960 -0.0720 1.0466
0.5360 -0.8960 -0.0720 1.0466
0.5360 -0.8960 -0.0720 1.0466
0.5360 -0.8960 -0.0720 1.0466
0.5360 -0.8960 -0.0720 1.0466
0.5360 -0.8960 -0.0720 1.0466
0.5360 -0.8960 -0.0720 1.0466
0.5360 -0.8960 -0.0720 1.0466
0.5360 -0.8960 -0.0720 1.0466
0.5360 -0.8960 -0.0720 1.0466
0.5360 -0.8960 -0.0720 1.0466
0.5360 -0.8960 -0.0720 1.0466
0.5360 -0.8960 -0.0720 1.0466
0.5360 -0.8960 -0.0720 1.0466
0.5360 -0.8960 -0.0720 1.0466
0.5360 -0.8960 -0.0720 1.0466
0.5360 -0.8960 -0.0720 1.0466
0.5360 -0.8960 -0.0720 1.0466
0.5360 -0.8960 -0.0720 1.0466
0.5360 -0.8960 -0.0720 1.0466
0.5360 -0.8960 -0.0720 1.0466
0.5360 -0.8960 -0.0720 1.0466
0.5360 -0.8960 -0.0720 1.0466
0.5360 -0.8960 -0.0720 1.0466
0.5360 -0.8960 -0.0720 1.0466
0.5360 -0.8960 -0.0720 1.0466
0.5360 -0.8960 -0.0800 1.0471
0.5360 -0.8960 -0.0800 1.0471
0.5360 -0.8960 -0.0800 1.0471
0.5360 -0.8960 -0.0800 1.0471
0.5360 -0.8960 -0.0800 1.0471
0.5360 -0.8960 -0.0800 1.0471
0.5360 -0.8960 -0.0800 1.0471
0.5360 -0.8960 -0.0800 1.0471
0.5360 -0.8960 -0.0800 1.0471
0.5360 -0.8960 -0.0800 1.0471
0.5360 -0.8960 -0.0800 1.0471
0.5360 -0.8960 -0.0800 1.0471
0.5360 -0.8960 -0.0800 1.0471
0.5360 -0.8960 -0.0800 1.0471
0.5360 -0.8960 -0.0800 1.0471
0.5360 -0.8960 -0.0800 1.0471
0.5360 -0.8960 -0.0800 1.0471
0.5360 -0.8960 -0.0800 1.0471
0.5360 -0.8960 -0.0800 1.0471
0.5360 -0.8960 -0.0800 1.0471
0.5360 -0.8960 -0.0800 1.0471
0.5360 -0.8960 -0.0800 1.0471
0.5360 -0.8960 -0.0800 1.0471
0.5360 -0.8960 -0.0800 1.0471
0.5360 -0.8960 -0.0800 1.0471
0.5360 -0.8960 -0.0800 1.0471
0.5360 -0.8960 -0.0800 1.0471
0.5360 -0.8960 -0.0800 1.0471
0.5360 -0.8960 -0.0800 1.0471
0.5360 -0.8960 -0.0800 1.0471
0.5360 -0.8960 -0.0800 1.0471
0.5360 -0.8960 -0.0800 1.0471
0.5360 -0.8960 -0.0800 1.0471
0.5280 -0.8720 -0.1120 1.0255
0.5280 -0.8720 -0.1120 1.0255
0.5280 -0.8720 -0.1120 1.0255
0.5280 -0.8720 -0.1120 1.0255
0.5280 -0.8720 -0.1120 1.0255
0.5280 -0.8720 -0.1120 1.0255
0.5280 -0.8720 -0.1120 1.0255
0.5280 -0.8720 -0.1120 1.0255
0.5280 -0.8720 -0.1120 1.0255
0.5280 -0.8720 -0.1120 1.0255
0.5280 -0.8720 -0.1120 1.0255
0.5280 -0.8720 -0.1120 1.0255
0.5280 -0.8720 -0.1120 1.0255
0.5280 -0.8720 -0.1120 1.0255
0.5280 -0.8720 -0.1120 1.0255
0.5280 -0.8720 -0.1120 1.0255
0.5280 -0.8720 -0.1120 1.0255
0.5280 -0.8720 -0.1120 1.0255
0.5280 -0.8720 -0.1120 1.0255
0.5280 -0.8720 -0.1120 1.0255
0.5280 -0.8720 -0.1120 1.0255
0.5280 -0.8720 -0.1120 1.0255
0.5280 -0.8720 -0.1120 1.0255
0.5280 -0.8720 -0.1120 1.0255
0.5280 -0.8720 -0.1120 1.0255
0.5280 -0.8720 -0.1120 1.0255
0.5280 -0.8720 -0.1120 1.0255
0.5280 -0.8720 -0.1120 1.0255
0.5280 -0.8720 -0.1120 1.0255
0.5280 -0.8720 -0.1120 1.0255
0.5280 -0.8720 -0.1120 1.0255
0.5280 -0.8720 -0.1040 1.0247
0.5360 -0.8960 -0.0720 1.0466
0.5360 -0.8960 -0.0720 1.0466
0.5360 -0.8960 -0.0720 1.0466
0.5360 -0.8960 -0.0720 1.0466
0.5360 -0.8960 -0.0720 1.0466
0.5360 -0.8960 -0.0720 1.0466
0.5360 -0.8960 -0.0720 1.0466
0.5360 -0.8960 -0.0720 1.0466
0.5360 -0.8960 -0.0720 1.0466
0.5360 -0.8960 -0.0720 1.0466
0.5360 -0.8960 -0.0720 1.0466
0.5360 -0.8960 -0.0720 1.0466
0.5360 -0.8960 -0.0720 1.0466
0.5360 -0.8960 -0.0720 1.0466
0.5360 -0.8960 -0.0720 1.0466
0.5360 -0.8960 -0.0720 1.0466
0.5360 -0.8960 -0.0720 1.0466
0.5360 -0.8960 -0.0720 1.0466
0.5360 -0.8960 -0.0720 1.0466
0.5360 -0.8960 -0.0720 1.0466
0.5360 -0.8960 -0.0720 1.0466
0.5360 -0.8960 -0.0720 1.0466
0.5360 -0.8960 -0.0720 1.0466
0.5360 -0.8960 -0.0720 1.0466
0.5360 -0.8960 -0.0720 1.0466
0.5360 -0.8960 -0.0720 1.0466
0.5360 -0.8960 -0.0720 1.0466
0.5360 -0.8960 -0.0720 1.0466
0.5360 -0.8960 -0.0720 1.0466
0.5360 -0.8960 -0.0720 1.0466
0.5360 -0.8960 -0.0720 1.0466
0.5360 -0.8960 -0.0800 1.0471
0.5360 -0.8960 -0.0800 1.0471
0.5360 -0.8960 -0.0800 1.0471
0.5360 -0.8960 -0.0800 1.0471
0.5360 -0.8960 -0.0800 1.0471
0.5360 -0.8960 -0.0800 1.0471
0.5360 -0.8960 -0.0800 1.0471
0.5360 -0.8960 -0.0800 1.0471
0.5360 -0.8960 -0.0800 1.0471
0.5360 -0.8960 -0.0800 1.0471
0.5360 -0.8960 -0.0800 1.0471
0.5360 -0.8960 -0.0800 1.0471
0.5360 -0.8960 -0.0800 1.0471
0.5360 -0.8960 -0.0800 1.0471
0.5360 -0.8960 -0.0800 1.0471
0.5360 -0.8960 -0.0800 1.0471
0.5360 -0.8960 -0.0800 1.0471
0.5360 -0.8960 -0.0800 1.0471
0.5360 -0.8960 -0.0800 1.0471
0.5360 -0.8960 -0.0800 1.0471
0.5360 -0.8960 -0.0800 1.0471
0.5360 -0.8960 -0.0800 1.0471
0.5360 -0.8960 -0.0800 1.0471
0.5360 -0.8960 -0.0800 1.0471
0.5360 -0.8960 -0.0800 1.0471
0.5360 -0.8960 -0.0800 1.0471
0.5360 -0.8960 -0.0800 1.0471
0.5360 -0.8960 -0.0800 1.0471
0.5360 -0.8960 -0.0800 1.0471
0.5360 -0.8960 -0.0800 1.0471
0.5360 -0.8960 -0.0800 1.0471
0.5360 -0.8960 -0.0800 1.0471
0.5360 -0.8960 -0.0720 1.0466
0.5120 -0.8560 -0.0720 1.0000
0.5120 -0.8560 -0.0720 1.0000
0.5120 -0.8560 -0.0720 1.0000
0.5120 -0.8560 -0.0720 1.0000
0.5120 -0.8560 -0.0720 1.0000
0.5120 -0.8560 -0.0720 1.0000
0.5120 -0.8560 -0.0720 1.0000
0.5120 -0.8560 -0.0720 1.0000
0.5120 -0.8560 -0.0720 1.0000
0.5120 -0.8560 -0.0720 1.0000
0.5120 -0.8560 -0.0720 1.0000
0.5120 -0.8560 -0.0720 1.0000
0.5120 -0.8560 -0.0720 1.0000
0.5120 -0.8560 -0.0720 1.0000
0.5120 -0.8560 -0.0720 1.0000
0.5120 -0.8560 -0.0720 1.0000
0.5120 -0.8560 -0.0720 1.0000
0.5120 -0.8560 -0.0720 1.0000
0.5120 -0.8560 -0.0720 1.0000
0.5120 -0.8560 -0.0720 1.0000
0.5120 -0.8560 -0.0720 1.0000
0.5120 -0.8560 -0.0720 1.0000
0.5120 -0.8560 -0.0720 1.0000
0.5120 -0.8560 -0.0720 1.0000
0.5120 -0.8560 -0.0720 1.0000
0.5120 -0.8560 -0.0720 1.0000
0.5120 -0.8560 -0.0720 1.0000
0.5120 -0.8560 -0.0720 1.0000
0.5120 -0.8560 -0.0720 1.0000
0.5120 -0.8560 -0.0720 1.0000
0.5120 -0.8560 -0.0720 1.0000
0.5120 -0.8560 -0.0720 1.0000
0.5200 -0.8480 -0.1040 1.0002
0.5200 -0.8480 -0.1040 1.0002
0.5200 -0.8480 -0.1040 1.0002
0.5200 -0.8480 -0.1040 1.0002
0.5200 -0.8480 -0.1040 1.0002
0.5200 -0.8480 -0.1040 1.0002
0.5200 -0.8480 -0.1040 1.0002
0.5200 -0.8480 -0.1040 1.0002
0.5200 -0.8480 -0.1040 1.0002
0.5200 -0.8480 -0.1040 1.0002
0.5200 -0.8480 -0.1040 1.0002
0.5200 -0.8480 -0.1040 1.0002
0.5200 -0.8480 -0.1040 1.0002
0.5200 -0.8480 -0.1040 1.0002
0.5200 -0.8480 -0.1040 1.0002
0.5200 -0.8480 -0.1040 1.0002
0.5200 -0.8480 -0.1040 1.0002
0.5200 -0.8480 -0.1040 1.0002
0.5200 -0.8480 -0.1040 1.0002
0.5200 -0.8480 -0.1040 1.0002
0.5200 -0.8480 -0.1040 1.0002
0.5200 -0.8480 -0.1040 1.0002
0.5200 -0.8480 -0.1040 1.0002
0.5200 -0.8480 -0.1040 1.0002
0.5200 -0.8480 -0.1040 1.0002
0.5200 -0.8480 -0.1040 1.0002
0.5200 -0.8480 -0.1040 1.0002
0.5200 -0.8480 -0.1040 1.0002
0.5200 -0.8480 -0.1040 1.0002
0.5200 -0.8480 -0.1040 1.0002
0.5200 -0.8480 -0.1040 1.0002
0.5200 -0.8480 -0.1120 1.0010
0.5120 -0.8400 -0.1440 0.9942
0.5120 -0.8400 -0.1440 0.9942
0.5120 -0.8400 -0.1440 0.9942
0.5120 -0.8400 -0.1440 0.9942
0.5120 -0.8400 -0.1440 0.9942
0.5120 -0.8400 -0.1440 0.9942
0.5120 -0.8400 -0.1440 0.9942
0.5120 -0.8400 -0.1440 0.9942
0.5120 -0.8400 -0.1440 0.9942
0.5120 -0.8400 -0.1440 0.9942
0.5120 -0.8400 -0.1440 0.9942
0.5120 -0.8400 -0.1440 0.9942
0.5120 -0.8400 -0.1440 0.9942
0.5120 -0.8400 -0.1440 0.9942
0.5120 -0.8400 -0.1440 0.9942
0.5120 -0.8400 -0.1440 0.9942
0.5120 -0.8400 -0.1440 0.9942
0.5120 -0.8400 -0.1440 0.9942
0.5120 -0.8400 -0.1440 0.9942
0.5120 -0.8400 -0.1440 0.9942
0.5120 -0.8400 -0.1440 0.9942
0.5120 -0.8400 -0.1440 0.9942
0.5120 -0.8400 -0.1440 0.9942
0.5120 -0.8400 -0.1440 0.9942
0.5120 -0.8400 -0.1440 0.9942
0.5120 -0.8400 -0.1440 0.9942
0.5120 -0.8400 -0.1440 0.9942
0.5120 -0.8400 -0.1440 0.9942
0.5120 -0.8400 -0.1440 0.9942
0.5120 -0.8400 -0.1440 0.9942
0.5120 -0.8400 -0.1440 0.9942
0.5120 -0.8400 -0.1440 0.9942
0.5120 -0.8560 -0.1120 1.0037
0.5120 -0.8560 -0.1120 1.0037
0.5120 -0.8560 -0.1120 1.0037
0.5120 -0.8560 -0.1120 1.0037
0.5120 -0.8560 -0.1120 1.0037
0.5120 -0.8560 -0.1120 1.0037
0.5120 -0.8560 -0.1120 1.0037
0.5120 -0.8560 -0.1120 1.0037
0.5120 -0.8560 -0.1120 1.0037
0.5120 -0.8560 -0.1120 1.0037
0.5120 -0.8560 -0.1120 1.0037
0.5120 -0.8560 -0.1120 1.0037
0.5120 -0.8560 -0.1120 1.0037
0.5120 -0.8560 -0.1120 1.0037
0.5120 -0.8560 -0.1120 1.0037
0.5120 -0.8560 -0.1120 1.0037
0.5120 -0.8560 -0.1120 1.0037
0.5120 -0.8560 -0.1120 1.0037
0.5120 -0.8560 -0.1120 1.0037
0.5120 -0.8560 -0.1120 1.0037
0.5120 -0.8560 -0.1120 1.0037
0.5120 -0.8560 -0.1120 1.0037
0.5120 -0.8560 -0.1120 1.0037
0.5120 -0.8560 -0.1120 1.0037
0.5120 -0.8560 -0.1120 1.0037
0.5120 -0.8560 -0.1120 1.0037
0.5120 -0.8560 -0.1120 1.0037
0.5120 -0.8560 -0.1120 1.0037
0.5120 -0.8560 -0.1120 1.0037
0.5120 -0.8560 -0.1120 1.0037
0.5120 -0.8560 -0.1120 1.0037
0.5120 -0.8560 -0.1120 1.0037
0.5360 -0.8720 -0.1120 1.0297
0.5360 -0.8720 -0.1120 1.0297
0.5360 -0.8720 -0.1120 1.0297
0.5360 -0.8720 -0.1120 1.0297
0.5360 -0.8720 -0.1120 1.0297
0.5360 -0.8720 -0.1120 1.0297
0.5360 -0.8720 -0.1120 1.0297
0.5360 -0.8720 -0.1120 1.0297
0.5360 -0.8720 -0.1120 1.0297
0.5360 -0.8720 -0.1120 1.0297
0.5360 -0.8720 -0.1120 1.0297
0.5360 -0.8720 -0.1120 1.0297
0.5360 -0.8720 -0.1120 1.0297
0.5360 -0.8720 -0.1120 1.0297
0.5360 -0.8720 -0.1120 1.0297
0.5360 -0.8720 -0.1120 1.0297
0.5360 -0.8720 -0.1120 1.0297
0.5360 -0.8720 -0.1120 1.0297
0.5360 -0.8720 -0.1120 1.0297
0.5360 -0.8720 -0.1120 1.0297
0.5360 -0.8720 -0.1120 1.0297
0.5360 -0.8720 -0.1120 1.0297
0.5360 -0.8720 -0.1120 1.0297
0.5360 -0.8720 -0.1120 1.0297
0.5360 -0.8720 -0.1120 1.0297
0.5360 -0.8720 -0.1120 1.0297
0.5360 -0.8720 -0.1120 1.0297
0.5360 -0.8720 -0.1120 1.0297
0.5360 -0.8720 -0.1120 1.0297
0.5360 -0.8720 -0.1120 1.0297
0.5360 -0.8720 -0.1120 1.0297
0.5360 -0.8720 -0.1040 1.0288
0.5280 -0.8800 -0.1040 1.0315
0.5280 -0.8800 -0.1040 1.0315
0.5280 -0.8800 -0.1040 1.0315
0.5280 -0.8800 -0.1040 1.0315
0.5280 -0.8800 -0.1040 1.0315
0.5280 -0.8800 -0.1040 1.0315
0.5280 -0.8800 -0.1040 1.0315
0.5280 -0.8800 -0.1040 1.0315
0.5280 -0.8800 -0.1040 1.0315
0.5280 -0.8800 -0.1040 1.0315
0.5280 -0.8800 -0.1040 1.0315
0.5280 -0.8800 -0.1040 1.0315
0.5280 -0.8800 -0.1040 1.0315
0.5280 -0.8800 -0.1040 1.0315
0.5280 -0.8800 -0.1040 1.0315
0.5280 -0.8800 -0.1040 1.0315
0.5280 -0.8800 -0.1040 1.0315
0.5280 -0.8800 -0.1040 1.0315
0.5280 -0.8800 -0.1040 1.0315
0.5280 -0.8800 -0.1040 1.0315
0.5280 -0.8800 -0.1040 1.0315
0.5280 -0.8800 -0.1040 1.0315
0.5280 -0.8800 -0.1040 1.0315
0.5280 -0.8800 -0.1040 1.0315
0.5280 -0.8800 -0.1040 1.0315
0.5280 -0.8800 -0.1040 1.0315
0.5280 -0.8800 -0.1040 1.0315
0.5280 -0.8800 -0.1040 1.0315
0.5280 -0.8800 -0.1040 1.0315
0.5280 -0.8800 -0.1040 1.0315
0.5280 -0.8800 -0.1040 1.0315
0.5280 -0.8800 -0.1120 1.0323
0.5200 -0.8960 -0.0800 1.0390
0.5200 -0.8960 -0.0800 1.0390
0.5200 -0.8960 -0.0800 1.0390
0.5200 -0.8960 -0.0800 1.0390
0.5200 -0.8960 -0.0800 1.0390
0.5200 -0.8960 -0.0800 1.0390
0.5200 -0.8960 -0.0800 1.0390
0.5200 -0.8960 -0.0800 1.0390
0.5200 -0.8960 -0.0800 1.0390
0.5200 -0.8960 -0.0800 1.0390
0.5200 -0.8960 -0.0800 1.0390
0.5200 -0.8960 -0.0800 1.0390
0.5200 -0.8960 -0.0800 1.0390
0.5200 -0.8960 -0.0800 1.0390
0.5200 -0.8960 -0.0800 1.0390
0.5200 -0.8960 -0.0800 1.0390
0.5200 -0.8960 -0.0800 1.0390
0.5200 -0.8960 -0.0800 1.0390
0.5200 -0.8960 -0.0800 1.0390
0.5200 -0.8960 -0.0800 1.0390
0.5200 -0.8960 -0.0800 1.0390
0.5200 -0.8960 -0.0800 1.0390
0.5200 -0.8960 -0.0800 1.0390
0.5200 -0.8960 -0.0800 1.0390
0.5200 -0.8960 -0.0800 1.0390
0.5200 -0.8960 -0.0800 1.0390
0.5200 -0.8960 -0.0800 1.0390
0.5200 -0.8960 -0.0800 1.0390
0.5200 -0.8960 -0.0800 1.0390
0.5200 -0.8960 -0.0800 1.0390
0.5200 -0.8960 -0.0800 1.0390
0.5200 -0.8960 -0.0960 1.0404
0.5600 -0.8960 -0.0960 1.0610
0.5600 -0.8960 -0.0960 1.0610
0.5600 -0.8960 -0.0960 1.0610
0.5600 -0.8960 -0.0960 1.0610
0.5600 -0.8960 -0.0960 1.0610
0.5600 -0.8960 -0.0960 1.0610
0.5600 -0.8960 -0.0960 1.0610
0.5600 -0.8960 -0.0960 1.0610
0.5600 -0.8960 -0.0960 1.0610
0.5600 -0.8960 -0.0960 1.0610
0.5600 -0.8960 -0.0960 1.0610
0.5600 -0.8960 -0.0960 1.0610
0.5600 -0.8960 -0.0960 1.0610
0.5600 -0.8960 -0.0960 1.0610
0.5600 -0.8960 -0.0960 1.0610
0.5600 -0.8960 -0.0960 1.0610
0.5600 -0.8960 -0.0960 1.0610
0.5600 -0.8960 -0.0960 1.0610
0.5600 -0.8960 -0.0960 1.0610
0.5600 -0.8960 -0.0960 1.0610
0.5600 -0.8960 -0.0960 1.0610
0.5600 -0.8960 -0.0960 1.0610
0.5600 -0.8960 -0.0960 1.0610
0.5600 -0.8960 -0.0960 1.0610
0.5600 -0.8960 -0.0960 1.0610
0.5600 -0.8960 -0.0960 1.0610
0.5600 -0.8960 -0.0960 1.0610
0.5600 -0.8960 -0.0960 1.0610
0.5600 -0.8960 -0.0960 1.0610
0.5600 -0.8960 -0.0960 1.0610
0.5600 -0.8960 -0.0960 1.0610
0.5600 -0.8960 -0.0960 1.0610
0.5680 -0.8720 -0.0960 1.0451
0.5680 -0.8720 -0.0960 1.0451
0.5680 -0.8720 -0.0960 1.0451
0.5680 -0.8720 -0.0960 1.0451
0.5680 -0.8720 -0.0960 1.0451
0.5680 -0.8720 -0.0960 1.0451
0.5680 -0.8720 -0.0960 1.0451
0.5680 -0.8720 -0.0960 1.0451
0.5680 -0.8720 -0.0960 1.0451
0.5680 -0.8720 -0.0960 1.0451
0.5680 -0.8720 -0.0960 1.0451
0.5680 -0.8720 -0.0960 1.0451
0.5680 -0.8720 -0.0960 1.0451
0.5680 -0.8720 -0.0960 1.0451
0.5680 -0.8720 -0.0960 1.0451
0.5680 -0.8720 -0.0960 1.0451
0.5680 -0.8720 -0.0960 1.0451
0.5680 -0.8720 -0.0960 1.0451
0.5680 -0.8720 -0.0960 1.0451
0.5680 -0.8720 -0.0960 1.0451
0.5680 -0.8720 -0.0960 1.0451
0.5680 -0.8720 -0.0960 1.0451
0.5680 -0.8720 -0.0960 1.0451
0.5680 -0.8720 -0.0960 1.0451
0.5680 -0.8720 -0.0960 1.0451
0.5680 -0.8720 -0.0960 1.0451
0.5680 -0.8720 -0.0960 1.0451
0.5680 -0.8720 -0.0960 1.0451
0.5680 -0.8720 -0.0960 1.0451
0.5680 -0.8720 -0.0960 1.0451
0.5680 -0.8720 -0.0960 1.0451
0.5680 -0.8720 -0.0880 1.0444
0.5600 -0.8800 -0.0880 1.0468
0.5600 -0.8800 -0.0880 1.0468
0.5600 -0.8800 -0.0880 1.0468
0.5600 -0.8800 -0.0880 1.0468
0.5600 -0.8800 -0.0880 1.0468
0.5600 -0.8800 -0.0880 1.0468
0.5600 -0.8800 -0.0880 1.0468
0.5600 -0.8800 -0.0880 1.0468
0.5600 -0.8800 -0.0880 1.0468
0.5600 -0.8800 -0.0880 1.0468
0.5600 -0.8800 -0.0880 1.0468
0.5600 -0.8800 -0.0880 1.0468
0.5600 -0.8800 -0.0880 1.0468
0.5600 -0.8800 -0.0880 1.0468
0.5600 -0.8800 -0.0880 1.0468
0.5600 -0.8800 -0.0880 1.0468
0.5600 -0.8800 -0.0880 1.0468
0.5600 -0.8800 -0.0880 1.0468
0.5600 -0.8800 -0.0880 1.0468
0.5600 -0.8800 -0.0880 1.0468
0.5600 -0.8800 -0.0880 1.0468
0.5600 -0.8800 -0.0880 1.0468
0.5600 -0.8800 -0.0880 1.0468
0.5600 -0.8800 -0.0880 1.0468
0.5600 -0.8800 -0.0880 1.0468
0.5600 -0.8800 -0.0880 1.0468
0.5600 -0.8800 -0.0880 1.0468
0.5600 -0.8800 -0.0880 1.0468
0.5600 -0.8800 -0.0880 1.0468
0.5600 -0.8800 -0.0880 1.0468
0.5600 -0.8800 -0.0880 1.0468
0.5600 -0.8800 -0.0720 1.0456
0.5280 -0.8880 -0.0720 1.0356
0.5280 -0.8880 -0.0720 1.0356
0.5280 -0.8880 -0.0720 1.0356
0.5280 -0.8880 -0.0720 1.0356
0.5280 -0.8880 -0.0720 1.0356
0.5280 -0.8880 -0.0720 1.0356
0.5280 -0.8880 -0.0720 1.0356
0.5280 -0.8880 -0.0720 1.0356
0.5280 -0.8880 -0.0720 1.0356
0.5280 -0.8880 -0.0720 1.0356
0.5280 -0.8880 -0.0720 1.0356
0.5280 -0.8880 -0.0720 1.0356
0.5280 -0.8880 -0.0720 1.0356
0.5280 -0.8880 -0.0720 1.0356
0.5280 -0.8880 -0.0720 1.0356
0.5280 -0.8880 -0.0720 1.0356
0.5280 -0.8880 -0.0720 1.0356
0.5280 -0.8880 -0.0720 1.0356
0.5280 -0.8880 -0.0720 1.0356
0.5280 -0.8880 -0.0720 1.0356
0.5280 -0.8880 -0.0720 1.0356
0.5280 -0.8880 -0.0720 1.0356
0.5280 -0.8880 -0.0720 1.0356
0.5280 -0.8880 -0.0720 1.0356
0.5280 -0.8880 -0.0720 1.0356
0.5280 -0.8880 -0.0720 1.0356
0.5280 -0.8880 -0.0720 1.0356
0.5280 -0.8880 -0.0720 1.0356
0.5280 -0.8880 -0.0720 1.0356
0.5280 -0.8880 -0.0720 1.0356
0.5280 -0.8880 -0.0720 1.0356
0.5280 -0.8880 -0.0960 1.0376
0.5680 -0.8880 -0.0960 1.0585
0.5680 -0.8880 -0.0960 1.0585
0.5680 -0.8880 -0.0960 1.0585
0.5680 -0.8880 -0.0960 1.0585
0.5680 -0.8880 -0.0960 1.0585
0.5680 -0.8880 -0.0960 1.0585
0.5680 -0.8880 -0.0960 1.0585
0.5680 -0.8880 -0.0960 1.0585
0.5680 -0.8880 -0.0960 1.0585
0.5680 -0.8880 -0.0960 1.0585
0.5680 -0.8880 -0.0960 1.0585
0.5680 -0.8880 -0.0960 1.0585
0.5680 -0.8880 -0.0960 1.0585
0.5680 -0.8880 -0.0960 1.0585
0.5680 -0.8880 -0.0960 1.0585
0.5680 -0.8880 -0.0960 1.0585
0.5680 -0.8880 -0.0960 1.0585
0.5680 -0.8880 -0.0960 1.0585
0.5680 -0.8880 -0.0960 1.0585
0.5680 -0.8880 -0.0960 1.0585
0.5680 -0.8880 -0.0960 1.0585
0.5680 -0.8880 -0.0960 1.0585
0.5680 -0.8880 -0.0960 1.0585
0.5680 -0.8880 -0.0960 1.0585
0.5680 -0.8880 -0.0960 1.0585
0.5680 -0.8880 -0.0960 1.0585
0.5680 -0.8880 -0.0960 1.0585
0.5680 -0.8880 -0.0960 1.0585
0.5680 -0.8880 -0.0960 1.0585
0.5680 -0.8880 -0.0960 1.0585
0.5680 -0.8880 -0.0960 1.0585
0.5680 -0.8880 -0.0720 1.0566
0.5360 -0.8960 -0.0720 1.0466
0.5360 -0.8960 -0.0720 1.0466
0.5360 -0.8960 -0.0720 1.0466
0.5360 -0.8960 -0.0720 1.0466
0.5360 -0.8960 -0.0720 1.0466
0.5360 -0.8960 -0.0720 1.0466
0.5360 -0.8960 -0.0720 1.0466
0.5360 -0.8960 -0.0720 1.0466
0.5360 -0.8960 -0.0720 1.0466
0.5360 -0.8960 -0.0720 1.0466
0.5360 -0.8960 -0.0720 1.0466
0.5360 -0.8960 -0.0720 1.0466
0.5360 -0.8960 -0.0720 1.0466
0.5360 -0.8960 -0.0720 1.0466
0.5360 -0.8960 -0.0720 1.0466
0.5360 -0.8960 -0.0720 1.0466
0.5360 -0.8960 -0.0720 1.0466
0.5360 -0.8960 -0.0720 1.0466
0.5360 -0.8960 -0.0720 1.0466
0.5360 -0.8960 -0.0720 1.0466
0.5360 -0.8960 -0.0720 1.0466
0.5360 -0.8960 -0.0720 1.0466
0.5360 -0.8960 -0.0720 1.0466
0.5360 -0.8960 -0.0720 1.0466
0.5360 -0.8960 -0.0720 1.0466
0.5360 -0.8960 -0.0720 1.0466
0.5360 -0.8960 -0.0720 1.0466
0.5360 -0.8960 -0.0720 1.0466
0.5360 -0.8960 -0.0720 1.0466
0.5360 -0.8960 -0.0720 1.0466
0.5360 -0.8960 -0.0720 1.0466
0.5360 -0.8960 -0.0960 1.0485
0.5680 -0.8880 -0.0960 1.0585
0.5680 -0.8880 -0.0960 1.0585
0.5680 -0.8880 -0.0960 1.0585
0.5680 -0.8880 -0.0960 1.0585
0.5680 -0.8880 -0.0960 1.0585
0.5680 -0.8880 -0.0960 1.0585
0.5680 -0.8880 -0.0960 1.0585
0.5680 -0.8880 -0.0960 1.0585
0.5680 -0.8880 -0.0960 1.0585
0.5680 -0.8880 -0.0960 1.0585
0.5680 -0.8880 -0.0960 1.0585
0.5680 -0.8880 -0.0960 1.0585
0.5680 -0.8880 -0.0960 1.0585
0.5680 -0.8880 -0.0960 1.0585
0.5680 -0.8880 -0.0960 1.0585
0.5680 -0.8880 -0.0960 1.0585
0.5680 -0.8880 -0.0960 1.0585
0.5680 -0.8880 -0.0960 1.0585
0.5680 -0.8880 -0.0960 1.0585
0.5680 -0.8880 -0.0960 1.0585
0.5680 -0.8880 -0.0960 1.0585
0.5680 -0.8880 -0.0960 1.0585
0.5680 -0.8880 -0.0960 1.0585
0.5680 -0.8880 -0.0960 1.0585
0.5680 -0.8880 -0.0960 1.0585
0.5680 -0.8880 -0.0960 1.0585
0.5680 -0.8880 -0.0960 1.0585
0.5680 -0.8880 -0.0960 1.0585
0.5680 -0.8880 -0.0960 1.0585
0.5680 -0.8880 -0.0960 1.0585
0.5680 -0.8880 -0.0960 1.0585
0.5680 -0.8880 -0.0800 1.0572
0.5360 -0.8720 -0.1120 1.0297
0.5360 -0.8720 -0.1120 1.0297
0.5360 -0.8720 -0.1120 1.0297
0.5360 -0.8720 -0.1120 1.0297
0.5360 -0.8720 -0.1120 1.0297
0.5360 -0.8720 -0.1120 1.0297
0.5360 -0.8720 -0.1120 1.0297
0.5360 -0.8720 -0.1120 1.0297
0.5360 -0.8720 -0.1120 1.0297
0.5360 -0.8720 -0.1120 1.0297
0.5360 -0.8720 -0.1120 1.0297
0.5360 -0.8720 -0.1120 1.0297
0.5360 -0.8720 -0.1120 1.0297
0.5360 -0.8720 -0.1120 1.0297
0.5360 -0.8720 -0.1120 1.0297
0.5360 -0.8720 -0.1120 1.0297
0.5360 -0.8720 -0.1120 1.0297
0.5360 -0.8720 -0.1120 1.0297
0.5360 -0.8720 -0.1120 1.0297
0.5360 -0.8720 -0.1120 1.0297
0.5360 -0.8720 -0.1120 1.0297
0.5360 -0.8720 -0.1120 1.0297
0.5360 -0.8720 -0.1120 1.0297
0.5360 -0.8720 -0.1120 1.0297
0.5360 -0.8720 -0.1120 1.0297
0.5360 -0.8720 -0.1120 1.0297
0.5360 -0.8720 -0.1120 1.0297
0.5360 -0.8720 -0.1120 1.0297
0.5360 -0.8720 -0.1120 1.0297
0.5360 -0.8720 -0.1120 1.0297
0.5360 -0.8720 -0.1120 1.0297
0.5360 -0.8720 -0.1040 1.0288
0.5360 -0.8880 -0.0720 1.0397
0.5360 -0.8880 -0.0720 1.0397
0.5360 -0.8880 -0.0720 1.0397
0.5360 -0.8880 -0.0720 1.0397
0.5360 -0.8880 -0.0720 1.0397
0.5360 -0.8880 -0.0720 1.0397
0.5360 -0.8880 -0.0720 1.0397
0.5360 -0.8880 -0.0720 1.0397
0.5360 -0.8880 -0.0720 1.0397
0.5360 -0.8880 -0.0720 1.0397
0.5360 -0.8880 -0.0720 1.0397
0.5360 -0.8880 -0.0720 1.0397
0.5360 -0.8880 -0.0720 1.0397
0.5360 -0.8880 -0.0720 1.0397
0.5360 -0.8880 -0.0720 1.0397
0.5360 -0.8880 -0.0720 1.0397
0.5360 -0.8880 -0.0720 1.0397
0.5360 -0.8880 -0.0720 1.0397
0.5360 -0.8880 -0.0720 1.0397
0.5360 -0.8880 -0.0720 1.0397
0.5360 -0.8880 -0.0720 1.0397
0.5360 -0.8880 -0.0720 1.0397
0.5360 -0.8880 -0.0720 1.0397
0.5360 -0.8880 -0.0720 1.0397
0.5360 -0.8880 -0.0720 1.0397
0.5360 -0.8880 -0.0720 1.0397
0.5360 -0.8880 -0.0720 1.0397
0.5360 -0.8880 -0.0720 1.0397
0.5360 -0.8880 -0.0720 1.0397
0.5360 -0.8880 -0.0720 1.0397
0.5360 -0.8880 -0.0720 1.0397
0.5360 -0.8880 -0.0720 1.0397
0.5360 -0.8960 -0.0720 1.0466
0.5360 -0.8960 -0.0720 1.0466
0.5360 -0.8960 -0.0720 1.0466
0.5360 -0.8960 -0.0720 1.0466
0.5360 -0.8960 -0.0720 1.0466
0.5360 -0.8960 -0.0720 1.0466
0.5360 -0.8960 -0.0720 1.0466
0.5360 -0.8960 -0.0720 1.0466
0.5360 -0.8960 -0.0720 1.0466
0.5360 -0.8960 -0.0720 1.0466
0.5360 -0.8960 -0.0720 1.0466
0.5360 -0.8960 -0.0720 1.0466
0.5360 -0.8960 -0.0720 1.0466
0.5360 -0.8960 -0.0720 1.0466
0.5360 -0.8960 -0.0720 1.0466
0.5360 -0.8960 -0.0720 1.0466
0.5360 -0.8960 -0.0720 1.0466
0.5360 -0.8960 -0.0720 1.0466
0.5360 -0.8960 -0.0720 1.0466
0.5360 -0.8960 -0.0720 1.0466
0.5360 -0.8960 -0.0720 1.0466
0.5360 -0.8960 -0.0720 1.0466
0.5360 -0.8960 -0.0720 1.0466
0.5360 -0.8960 -0.0720 1.0466
0.5360 -0.8960 -0.0720 1.0466
0.5360 -0.8960 -0.0720 1.0466
0.5360 -0.8960 -0.0720 1.0466
0.5360 -0.8960 -0.0720 1.0466
0.5360 -0.8960 -0.0720 1.0466
0.5360 -0.8960 -0.0720 1.0466
0.5360 -0.8960 -0.0720 1.0466
0.5360 -0.8960 -0.0960 1.0485
0.5680 -0.8720 -0.1280 1.0485
0.5680 -0.8720 -0.1280 1.0485
0.5680 -0.8720 -0.1280 1.0485
0.5680 -0.8720 -0.1280 1.0485
0.5680 -0.8720 -0.1280 1.0485
0.5680 -0.8720 -0.1280 1.0485
0.5680 -0.8720 -0.1280 1.0485
0.5680 -0.8720 -0.1280 1.0485
0.5680 -0.8720 -0.1280 1.0485
0.5680 -0.8720 -0.1280 1.0485
0.5680 -0.8720 -0.1280 1.0485
0.5680 -0.8720 -0.1280 1.0485
0.5680 -0.8720 -0.1280 1.0485
0.5680 -0.8720 -0.1280 1.0485
0.5680 -0.8720 -0.1280 1.0485
0.5680 -0.8720 -0.1280 1.0485
0.5680 -0.8720 -0.1280 1.0485
0.5680 -0.8720 -0.1280 1.0485
0.5680 -0.8720 -0.1280 1.0485
0.5680 -0.8720 -0.1280 1.0485
0.5680 -0.8720 -0.1280 1.0485
0.5680 -0.8720 -0.1280 1.0485
0.5680 -0.8720 -0.1280 1.0485
0.5680 -0.8720 -0.1280 1.0485
0.5680 -0.8720 -0.1280 1.0485
0.5680 -0.8720 -0.1280 1.0485
0.5680 -0.8720 -0.1280 1.0485
0.5680 -0.8720 -0.1280 1.0485
0.5680 -0.8720 -0.1280 1.0485
0.5680 -0.8720 -0.1280 1.0485
0.5680 -0.8720 -0.1280 1.0485
0.5680 -0.8720 -0.1280 1.0485
0.5680 -0.8960 -0.0960 1.0652
0.5680 -0.8960 -0.0960 1.0652
0.5680 -0.8960 -0.0960 1.0652
0.5680 -0.8960 -0.0960 1.0652
0.5680 -0.8960 -0.0960 1.0652
0.5680 -0.8960 -0.0960 1.0652
0.5680 -0.8960 -0.0960 1.0652
0.5680 -0.8960 -0.0960 1.0652
0.5680 -0.8960 -0.0960 1.0652
0.5680 -0.8960 -0.0960 1.0652
0.5680 -0.8960 -0.0960 1.0652
0.5680 -0.8960 -0.0960 1.0652
0.5680 -0.8960 -0.0960 1.0652
0.5680 -0.8960 -0.0960 1.0652
0.5680 -0.8960 -0.0960 1.0652
0.5680 -0.8960 -0.0960 1.0652
0.5680 -0.8960 -0.0960 1.0652
0.5680 -0.8960 -0.0960 1.0652
0.5680 -0.8960 -0.0960 1.0652
0.5680 -0.8960 -0.0960 1.0652
0.5680 -0.8960 -0.0960 1.0652
0.5680 -0.8960 -0.0960 1.0652
0.5680 -0.8960 -0.0960 1.0652
0.5680 -0.8960 -0.0960 1.0652
0.5680 -0.8960 -0.0960 1.0652
0.5680 -0.8960 -0.0960 1.0652
0.5680 -0.8960 -0.0960 1.0652
0.5680 -0.8960 -0.0960 1.0652
0.5680 -0.8960 -0.0960 1.0652
0.5680 -0.8960 -0.0960 1.0652
0.5680 -0.8960 -0.0960 1.0652
0.5680 -0.8960 -0.0800 1.0639
0.5680 -0.8800 -0.0800 1.0504
0.5680 -0.8800 -0.0800 1.0504
0.5680 -0.8800 -0.0800 1.0504
0.5680 -0.8800 -0.0800 1.0504
0.5680 -0.8800 -0.0800 1.0504
0.5680 -0.8800 -0.0800 1.0504
0.5680 -0.8800 -0.0800 1.0504
0.5680 -0.8800 -0.0800 1.0504
0.5680 -0.8800 -0.0800 1.0504
0.5680 -0.8800 -0.0800 1.0504
0.5680 -0.8800 -0.0800 1.0504
0.5680 -0.8800 -0.0800 1.0504
0.5680 -0.8800 -0.0800 1.0504
0.5680 -0.8800 -0.0800 1.0504
0.5680 -0.8800 -0.0800 1.0504
0.5680 -0.8800 -0.0800 1.0504
0.5680 -0.8800 -0.0800 1.0504
0.5680 -0.8800 -0.0800 1.0504
0.5680 -0.8800 -0.0800 1.0504
0.5680 -0.8800 -0.0800 1.0504
0.5680 -0.8800 -0.0800 1.0504
0.5680 -0.8800 -0.0800 1.0504
0.5680 -0.8800 -0.0800 1.0504
0.5680 -0.8800 -0.0800 1.0504
0.5680 -0.8800 -0.0800 1.0504
0.5680 -0.8800 -0.0800 1.0504
0.5680 -0.8800 -0.0800 1.0504
0.5680 -0.8800 -0.0800 1.0504
0.5680 -0.8800 -0.0800 1.0504
0.5680 -0.8800 -0.0800 1.0504
0.5680 -0.8800 -0.0800 1.0504
0.5680 -0.8800 -0.0880 1.0511
0.5680 -0.8960 -0.0880 1.0645
0.5680 -0.8960 -0.0880 1.0645
0.5680 -0.8960 -0.0880 1.0645
0.5680 -0.8960 -0.0880 1.0645
0.5680 -0.8960 -0.0880 1.0645
0.5680 -0.8960 -0.0880 1.0645
0.5680 -0.8960 -0.0880 1.0645
0.5680 -0.8960 -0.0880 1.0645
0.5680 -0.8960 -0.0880 1.0645
0.5680 -0.8960 -0.0880 1.0645
0.5680 -0.8960 -0.0880 1.0645
0.5680 -0.8960 -0.0880 1.0645
0.5680 -0.8960 -0.0880 1.0645
0.5680 -0.8960 -0.0880 1.0645
0.5680 -0.8960 -0.0880 1.0645
0.5680 -0.8960 -0.0880 1.0645
0.5680 -0.8960 -0.0880 1.0645
0.5680 -0.8960 -0.0880 1.0645
0.5680 -0.8960 -0.0880 1.0645
0.5680 -0.8960 -0.0880 1.0645
0.5680 -0.8960 -0.0880 1.0645
0.5680 -0.8960 -0.0880 1.0645
0.5680 -0.8960 -0.0880 1.0645
0.5680 -0.8960 -0.0880 1.0645
0.5680 -0.8960 -0.0880 1.0645
0.5680 -0.8960 -0.0880 1.0645
0.5680 -0.8960 -0.0880 1.0645
0.5680 -0.8960 -0.0880 1.0645
0.5680 -0.8960 -0.0880 1.0645
0.5680 -0.8960 -0.0880 1.0645
0.5680 -0.8960 -0.0880 1.0645
0.5680 -0.8960 -0.0960 1.0652
0.5680 -0.8720 -0.1280 1.0485
0.5680 -0.8720 -0.1280 1.0485
0.5680 -0.8720 -0.1280 1.0485
0.5680 -0.8720 -0.1280 1.0485
0.5680 -0.8720 -0.1280 1.0485
0.5680 -0.8720 -0.1280 1.0485
0.5680 -0.8720 -0.1280 1.0485
0.5680 -0.8720 -0.1280 1.0485
0.5680 -0.8720 -0.1280 1.0485
0.5680 -0.8720 -0.1280 1.0485
0.5680 -0.8720 -0.1280 1.0485
0.5680 -0.8720 -0.1280 1.0485
0.5680 -0.8720 -0.1280 1.0485
0.5680 -0.8720 -0.1280 1.0485
0.5680 -0.8720 -0.1280 1.0485
0.5680 -0.8720 -0.1280 1.0485
0.5680 -0.8720 -0.1280 1.0485
0.5680 -0.8720 -0.1280 1.0485
0.5680 -0.8720 -0.1280 1.0485
0.5680 -0.8720 -0.1280 1.0485
0.5680 -0.8720 -0.1280 1.0485
0.5680 -0.8720 -0.1280 1.0485
0.5680 -0.8720 -0.1280 1.0485
0.5680 -0.8720 -0.1280 1.0485
0.5680 -0.8720 -0.1280 1.0485
0.5680 -0.8720 -0.1280 1.0485
0.5680 -0.8720 -0.1280 1.0485
0.5680 -0.8720 -0.1280 1.0485
0.5680 -0.8720 -0.1280 1.0485
0.5680 -0.8720 -0.1280 1.0485
0.5680 -0.8720 -0.1280 1.0485
0.5680 -0.8720 -0.1040 1.0459
0.5360 -0.8720 -0.1040 1.0288
0.5360 -0.8720 -0.1040 1.0288
0.5360 -0.8720 -0.1040 1.0288
0.5360 -0.8720 -0.1040 1.0288
0.5360 -0.8720 -0.1040 1.0288
0.5360 -0.8720 -0.1040 1.0288
0.5360 -0.8720 -0.1040 1.0288
0.5360 -0.8720 -0.1040 1.0288
0.5360 -0.8720 -0.1040 1.0288
0.5360 -0.8720 -0.1040 1.0288
0.5360 -0.8720 -0.1040 1.0288
0.5360 -0.8720 -0.1040 1.0288
0.5360 -0.8720 -0.1040 1.0288
0.5360 -0.8720 -0.1040 1.0288
0.5360 -0.8720 -0.1040 1.0288
0.5360 -0.8720 -0.1040 1.0288
0.5360 -0.8720 -0.1040 1.0288
0.5360 -0.8720 -0.1040 1.0288
0.5360 -0.8720 -0.1040 1.0288
0.5360 -0.8720 -0.1040 1.0288
0.5360 -0.8720 -0.1040 1.0288
0.5360 -0.8720 -0.1040 1.0288
0.5360 -0.8720 -0.1040 1.0288
0.5360 -0.8720 -0.1040 1.0288
0.5360 -0.8720 -0.1040 1.0288
0.5360 -0.8720 -0.1040 1.0288
0.5360 -0.8720 -0.1040 1.0288
0.5360 -0.8720 -0.1040 1.0288
0.5360 -0.8720 -0.1040 1.0288
0.5360 -0.8720 -0.1040 1.0288
0.5360 -0.8720 -0.1040 1.0288
0.5360 -0.8720 -0.1040 1.0288
0.5360 -0.8720 -0.1040 1.0288
0.5360 -0.8720 -0.1040 1.0288
0.5360 -0.8720 -0.1040 1.0288
0.5360 -0.8720 -0.1040 1.0288
0.5360 -0.8720 -0.1040 1.0288
0.5360 -0.8720 -0.1040 1.0288
0.5360 -0.8720 -0.1040 1.0288
0.5360 -0.8720 -0.1040 1.0288
0.5360 -0.8720 -0.1040 1.0288
0.5360 -0.8720 -0.1040 1.0288
0.5360 -0.8720 -0.1040 1.0288
0.5360 -0.8720 -0.1040 1.0288
0.5360 -0.8720 -0.1040 1.0288
0.5360 -0.8720 -0.1040 1.0288
0.5360 -0.8720 -0.1040 1.0288
0.5360 -0.8720 -0.1040 1.0288
0.5360 -0.8720 -0.1040 1.0288
0.5360 -0.8720 -0.1040 1.0288
0.5360 -0.8720 -0.1040 1.0288
0.5360 -0.8720 -0.1040 1.0288
0.5360 -0.8720 -0.1040 1.0288
0.5360 -0.8720 -0.1040 1.0288
0.5360 -0.8720 -0.1040 1.0288
0.5360 -0.8720 -0.1040 1.0288
0.5360 -0.8720 -0.1040 1.0288
0.5360 -0.8720 -0.1040 1.0288
0.5360 -0.8720 -0.1040 1.0288
0.5360 -0.8720 -0.1040 1.0288
0.5360 -0.8720 -0.1040 1.0288
0.5360 -0.8720 -0.1040 1.0288
0.5360 -0.8720 -0.1040 1.0288
0.5360 -0.8720 -0.1280 1.0315
0.5600 -0.8800 -0.1280 1.0509
0.5600 -0.8800 -0.1280 1.0509
0.5600 -0.8800 -0.1280 1.0509
0.5600 -0.8800 -0.1280 1.0509
0.5600 -0.8800 -0.1280 1.0509
0.5600 -0.8800 -0.1280 1.0509
0.5600 -0.8800 -0.1280 1.0509
0.5600 -0.8800 -0.1280 1.0509
0.5600 -0.8800 -0.1280 1.0509
0.5600 -0.8800 -0.1280 1.0509
0.5600 -0.8800 -0.1280 1.0509
0.5600 -0.8800 -0.1280 1.0509
0.5600 -0.8800 -0.1280 1.0509
0.5600 -0.8800 -0.1280 1.0509
0.5600 -0.8800 -0.1280 1.0509
0.5600 -0.8800 -0.1280 1.0509
0.5600 -0.8800 -0.1280 1.0509
0.5600 -0.8800 -0.1280 1.0509
0.5600 -0.8800 -0.1280 1.0509
0.5600 -0.8800 -0.1280 1.0509
0.5600 -0.8800 -0.1280 1.0509
0.5600 -0.8800 -0.1280 1.0509
0.5600 -0.8800 -0.1280 1.0509
0.5600 -0.8800 -0.1280 1.0509
0.5600 -0.8800 -0.1280 1.0509
0.5600 -0.8800 -0.1280 1.0509
0.5600 -0.8800 -0.1280 1.0509
0.5600 -0.8800 -0.1280 1.0509
0.5600 -0.8800 -0.1280 1.0509
0.5600 -0.8800 -0.1280 1.0509
0.5600 -0.8800 -0.1280 1.0509
0.5600 -0.8800 -0.1040 1.0482
0.5280 -0.8800 -0.1360 1.0352
0.5280 -0.8800 -0.1360 1.0352
0.5280 -0.8800 -0.1360 1.0352
0.5280 -0.8800 -0.1360 1.0352
0.5280 -0.8800 -0.1360 1.0352
0.5280 -0.8800 -0.1360 1.0352
0.5280 -0.8800 -0.1360 1.0352
0.5280 -0.8800 -0.1360 1.0352
0.5280 -0.8800 -0.1360 1.0352
0.5280 -0.8800 -0.1360 1.0352
0.5280 -0.8800 -0.1360 1.0352
0.5280 -0.8800 -0.1360 1.0352
0.5280 -0.8800 -0.1360 1.0352
0.5280 -0.8800 -0.1360 1.0352
0.5280 -0.8800 -0.1360 1.0352
0.5280 -0.8800 -0.1360 1.0352
0.5280 -0.8800 -0.1360 1.0352
0.5280 -0.8800 -0.1360 1.0352
0.5280 -0.8800 -0.1360 1.0352
0.5280 -0.8800 -0.1360 1.0352
0.5280 -0.8800 -0.1360 1.0352
0.5280 -0.8800 -0.1360 1.0352
0.5280 -0.8800 -0.1360 1.0352
0.5280 -0.8800 -0.1360 1.0352
0.5280 -0.8800 -0.1360 1.0352
0.5280 -0.8800 -0.1360 1.0352
0.5280 -0.8800 -0.1360 1.0352
0.5280 -0.8800 -0.1360 1.0352
0.5280 -0.8800 -0.1360 1.0352
0.5280 -0.8800 -0.1360 1.0352
0.5280 -0.8800 -0.1360 1.0352
0.5280 -0.8800 -0.1440 1.0363
0.5680 -0.8800 -0.1120 1.0534
0.5680 -0.8800 -0.1120 1.0534
0.5680 -0.8800 -0.1120 1.0534
0.5680 -0.8800 -0.1120 1.0534
0.5680 -0.8800 -0.1120 1.0534
0.5680 -0.8800 -0.1120 1.0534
0.5680 -0.8800 -0.1120 1.0534
0.5680 -0.8800 -0.1120 1.0534
0.5680 -0.8800 -0.1120 1.0534
0.5680 -0.8800 -0.1120 1.0534
0.5680 -0.8800 -0.1120 1.0534
0.5680 -0.8800 -0.1120 1.0534
0.5680 -0.8800 -0.1120 1.0534
0.5680 -0.8800 -0.1120 1.0534
0.5680 -0.8800 -0.1120 1.0534
0.5680 -0.8800 -0.1120 1.0534
0.5680 -0.8800 -0.1120 1.0534
0.5680 -0.8800 -0.1120 1.0534
0.5680 -0.8800 -0.1120 1.0534
0.5680 -0.8800 -0.1120 1.0534
0.5680 -0.8800 -0.1120 1.0534
0.5680 -0.8800 -0.1120 1.0534
0.5680 -0.8800 -0.1120 1.0534
0.5680 -0.8800 -0.1120 1.0534
0.5680 -0.8800 -0.1120 1.0534
0.5680 -0.8800 -0.1120 1.0534
0.5680 -0.8800 -0.1120 1.0534
0.5680 -0.8800 -0.1120 1.0534
0.5680 -0.8800 -0.1120 1.0534
0.5680 -0.8800 -0.1120 1.0534
0.5680 -0.8800 -0.1120 1.0534
0.5680 -0.8800 -0.1200 1.0542
0.5600 -0.8720 -0.1200 1.0433
0.5600 -0.8720 -0.1200 1.0433
0.5600 -0.8720 -0.1200 1.0433
0.5600 -0.8720 -0.1200 1.0433
0.5600 -0.8720 -0.1200 1.0433
0.5600 -0.8720 -0.1200 1.0433
0.5600 -0.8720 -0.1200 1.0433
0.5600 -0.8720 -0.1200 1.0433
0.5600 -0.8720 -0.1200 1.0433
0.5600 -0.8720 -0.1200 1.0433
0.5600 -0.8720 -0.1200 1.0433
0.5600 -0.8720 -0.1200 1.0433
0.5600 -0.8720 -0.1200 1.0433
0.5600 -0.8720 -0.1200 1.0433
0.5600 -0.8720 -0.1200 1.0433
0.5600 -0.8720 -0.1200 1.0433
0.5600 -0.8720 -0.1200 1.0433
0.5600 -0.8720 -0.1200 1.0433
0.5600 -0.8720 -0.1200 1.0433
0.5600 -0.8720 -0.1200 1.0433
0.5600 -0.8720 -0.1200 1.0433
0.5600 -0.8720 -0.1200 1.0433
0.5600 -0.8720 -0.1200 1.0433
0.5600 -0.8720 -0.1200 1.0433
0.5600 -0.8720 -0.1200 1.0433
0.5600 -0.8720 -0.1200 1.0433
0.5600 -0.8720 -0.1200 1.0433
0.5600 -0.8720 -0.1200 1.0433
0.5600 -0.8720 -0.1200 1.0433
0.5600 -0.8720 -0.1200 1.0433
0.5600 -0.8720 -0.1200 1.0433
0.5600 -0.8720 -0.1280 1.0442
0.5680 -0.8960 -0.0960 1.0652
0.5680 -0.8960 -0.0960 1.0652
0.5680 -0.8960 -0.0960 1.0652
0.5680 -0.8960 -0.0960 1.0652
0.5680 -0.8960 -0.0960 1.0652
0.5680 -0.8960 -0.0960 1.0652
0.5680 -0.8960 -0.0960 1.0652
0.5680 -0.8960 -0.0960 1.0652
0.5680 -0.8960 -0.0960 1.0652
0.5680 -0.8960 -0.0960 1.0652
0.5680 -0.8960 -0.0960 1.0652
0.5680 -0.8960 -0.0960 1.0652
0.5680 -0.8960 -0.0960 1.0652
0.5680 -0.8960 -0.0960 1.0652
0.5680 -0.8960 -0.0960 1.0652
0.5680 -0.8960 -0.0960 1.0652
0.5680 -0.8960 -0.0960 1.0652
0.5680 -0.8960 -0.0960 1.0652
0.5680 -0.8960 -0.0960 1.0652
0.5680 -0.8960 -0.0960 1.0652
0.5680 -0.8960 -0.0960 1.0652
0.5680 -0.8960 -0.0960 1.0652
0.5680 -0.8960 -0.0960 1.0652
0.5680 -0.8960 -0.0960 1.0652
0.5680 -0.8960 -0.0960 1.0652
0.5680 -0.8960 -0.0960 1.0652
0.5680 -0.8960 -0.0960 1.0652
0.5680 -0.8960 -0.0960 1.0652
0.5680 -0.8960 -0.0960 1.0652
0.5680 -0.8960 -0.0960 1.0652
0.5680 -0.8960 -0.0960 1.0652
0.5680 -0.8960 -0.0720 1.0633
0.5280 -0.8960 -0.0720 1.0425
0.5280 -0.8960 -0.0720 1.0425
0.5280 -0.8960 -0.0720 1.0425
0.5280 -0.8960 -0.0720 1.0425
0.5280 -0.8960 -0.0720 1.0425
0.5280 -0.8960 -0.0720 1.0425
0.5280 -0.8960 -0.0720 1.0425
0.5280 -0.8960 -0.0720 1.0425
0.5280 -0.8960 -0.0720 1.0425
0.5280 -0.8960 -0.0720 1.0425
0.5280 -0.8960 -0.0720 1.0425
0.5280 -0.8960 -0.0720 1.0425
0.5280 -0.8960 -0.0720 1.0425
0.5280 -0.8960 -0.0720 1.0425
0.5280 -0.8960 -0.0720 1.0425
0.5280 -0.8960 -0.0720 1.0425
0.5280 -0.8960 -0.0720 1.0425
0.5280 -0.8960 -0.0720 1.0425
0.5280 -0.8960 -0.0720 1.0425
0.5280 -0.8960 -0.0720 1.0425
0.5280 -0.8960 -0.0720 1.0425
0.5280 -0.8960 -0.0720 1.0425
0.5280 -0.8960 -0.0720 1.0425
0.5280 -0.8960 -0.0720 1.0425
0.5280 -0.8960 -0.0720 1.0425
0.5280 -0.8960 -0.0720 1.0425
0.5280 -0.8960 -0.0720 1.0425
0.5280 -0.8960 -0.0720 1.0425
0.5280 -0.8960 -0.0720 1.0425
0.5280 -0.8960 -0.0720 1.0425
0.5280 -0.8960 -0.0720 1.0425
0.5280 -0.8960 -0.0720 1.0425
0.5280 -0.8960 -0.0720 1.0425
0.5280 -0.8960 -0.0720 1.0425
0.5280 -0.8960 -0.0720 1.0425
0.5280 -0.8960 -0.0720 1.0425
0.5280 -0.8960 -0.0720 1.0425
0.5280 -0.8960 -0.0720 1.0425
0.5280 -0.8960 -0.0720 1.0425
0.5280 -0.8960 -0.0720 1.0425
0.5280 -0.8960 -0.0720 1.0425
0.5280 -0.8960 -0.0720 1.0425
0.5280 -0.8960 -0.0720 1.0425
0.5280 -0.8960 -0.0720 1.0425
0.5280 -0.8960 -0.0720 1.0425
0.5280 -0.8960 -0.0720 1.0425
0.5280 -0.8960 -0.0720 1.0425
0.5280 -0.8960 -0.0720 1.0425
0.5280 -0.8960 -0.0720 1.0425
0.5280 -0.8960 -0.0720 1.0425
0.5280 -0.8960 -0.0720 1.0425
0.5280 -0.8960 -0.0720 1.0425
0.5280 -0.8960 -0.0720 1.0425
0.5280 -0.8960 -0.0720 1.0425
0.5280 -0.8960 -0.0720 1.0425
0.5280 -0.8960 -0.0720 1.0425
0.5280 -0.8960 -0.0720 1.0425
0.5280 -0.8960 -0.0720 1.0425
0.5280 -0.8960 -0.0720 1.0425
0.5280 -0.8960 -0.0720 1.0425
0.5280 -0.8960 -0.0720 1.0425
0.5280 -0.8960 -0.0720 1.0425
0.5280 -0.8960 -0.0720 1.0425
0.5280 -0.8960 -0.0960 1.0444
0.5680 -0.8880 -0.0640 1.0561
0.5680 -0.8880 -0.0640 1.0561
0.5680 -0.8880 -0.0640 1.0561
0.5680 -0.8880 -0.0640 1.0561
0.5680 -0.8880 -0.0640 1.0561
0.5680 -0.8880 -0.0640 1.0561
0.5680 -0.8880 -0.0640 1.0561
0.5680 -0.8880 -0.0640 1.0561
0.5680 -0.8880 -0.0640 1.0561
0.5680 -0.8880 -0.0640 1.0561
0.5680 -0.8880 -0.0640 1.0561
0.5680 -0.8880 -0.0640 1.0561
0.5680 -0.8880 -0.0640 1.0561
0.5680 -0.8880 -0.0640 1.0561
0.5680 -0.8880 -0.0640 1.0561
0.5680 -0.8880 -0.0640 1.0561
0.5680 -0.8880 -0.0640 1.0561
0.5680 -0.8880 -0.0640 1.0561
0.5680 -0.8880 -0.0640 1.0561
0.5680 -0.8880 -0.0640 1.0561
0.5680 -0.8880 -0.0640 1.0561
0.5680 -0.8880 -0.0640 1.0561
0.5680 -0.8880 -0.0640 1.0561
0.5680 -0.8880 -0.0640 1.0561
0.5680 -0.8880 -0.0640 1.0561
0.5680 -0.8880 -0.0640 1.0561
0.5680 -0.8880 -0.0640 1.0561
0.5680 -0.8880 -0.0640 1.0561
0.5680 -0.8880 -0.0640 1.0561
0.5680 -0.8880 -0.0640 1.0561
0.5680 -0.8880 -0.0640 1.0561
0.5680 -0.8880 -0.0400 1.0549
0.5280 -0.8720 -0.0720 1.0219
0.5280 -0.8720 -0.0720 1.0219
0.5280 -0.8720 -0.0720 1.0219
0.5280 -0.8720 -0.0720 1.0219
0.5280 -0.8720 -0.0720 1.0219
0.5280 -0.8720 -0.0720 1.0219
0.5280 -0.8720 -0.0720 1.0219
0.5280 -0.8720 -0.0720 1.0219
0.5280 -0.8720 -0.0720 1.0219
0.5280 -0.8720 -0.0720 1.0219
0.5280 -0.8720 -0.0720 1.0219
0.5280 -0.8720 -0.0720 1.0219
0.5280 -0.8720 -0.0720 1.0219
0.5280 -0.8720 -0.0720 1.0219
0.5280 -0.8720 -0.0720 1.0219
0.5280 -0.8720 -0.0720 1.0219
0.5280 -0.8720 -0.0720 1.0219
0.5280 -0.8720 -0.0720 1.0219
0.5280 -0.8720 -0.0720 1.0219
0.5280 -0.8720 -0.0720 1.0219
0.5280 -0.8720 -0.0720 1.0219
0.5280 -0.8720 -0.0720 1.0219
0.5280 -0.8720 -0.0720 1.0219
0.5280 -0.8720 -0.0720 1.0219
0.5280 -0.8720 -0.0720 1.0219
0.5280 -0.8720 -0.0720 1.0219
0.5280 -0.8720 -0.0720 1.0219
0.5280 -0.8720 -0.0720 1.0219
0.5280 -0.8720 -0.0720 1.0219
0.5280 -0.8720 -0.0720 1.0219
0.5280 -0.8720 -0.0720 1.0219
0.5280 -0.8720 -0.0960 1.0239
0.5600 -0.8880 -0.0960 1.0542
0.5600 -0.8880 -0.0960 1.0542
0.5600 -0.8880 -0.0960 1.0542
0.5600 -0.8880 -0.0960 1.0542
0.5600 -0.8880 -0.0960 1.0542
0.5600 -0.8880 -0.0960 1.0542
0.5600 -0.8880 -0.0960 1.0542
0.5600 -0.8880 -0.0960 1.0542
0.5600 -0.8880 -0.0960 1.0542
0.5600 -0.8880 -0.0960 1.0542
0.5600 -0.8880 -0.0960 1.0542
0.5600 -0.8880 -0.0960 1.0542
0.5600 -0.8880 -0.0960 1.0542
0.5600 -0.8880 -0.0960 1.0542
0.5600 -0.8880 -0.0960 1.0542
0.5600 -0.8880 -0.0960 1.0542
0.5600 -0.8880 -0.0960 1.0542
0.5600 -0.8880 -0.0960 1.0542
0.5600 -0.8880 -0.0960 1.0542
0.5600 -0.8880 -0.0960 1.0542
0.5600 -0.8880 -0.0960 1.0542
0.5600 -0.8880 -0.0960 1.0542
0.5600 -0.8880 -0.0960 1.0542
0.5600 -0.8880 -0.0960 1.0542
0.5600 -0.8880 -0.0960 1.0542
0.5600 -0.8880 -0.0960 1.0542
0.5600 -0.8880 -0.0960 1.0542
0.5600 -0.8880 -0.0960 1.0542
0.5600 -0.8880 -0.0960 1.0542
0.5600 -0.8880 -0.0960 1.0542
0.5600 -0.8880 -0.0960 1.0542
0.5600 -0.8880 -0.0720 1.0523
0.5280 -0.8960 -0.0720 1.0425
0.5280 -0.8960 -0.0720 1.0425
0.5280 -0.8960 -0.0720 1.0425
0.5280 -0.8960 -0.0720 1.0425
0.5280 -0.8960 -0.0720 1.0425
0.5280 -0.8960 -0.0720 1.0425
0.5280 -0.8960 -0.0720 1.0425
0.5280 -0.8960 -0.0720 1.0425
0.5280 -0.8960 -0.0720 1.0425
0.5280 -0.8960 -0.0720 1.0425
0.5280 -0.8960 -0.0720 1.0425
0.5280 -0.8960 -0.0720 1.0425
0.5280 -0.8960 -0.0720 1.0425
0.5280 -0.8960 -0.0720 1.0425
0.5280 -0.8960 -0.0720 1.0425
0.5280 -0.8960 -0.0720 1.0425
0.5280 -0.8960 -0.0720 1.0425
0.5280 -0.8960 -0.0720 1.0425
0.5280 -0.8960 -0.0720 1.0425
0.5280 -0.8960 -0.0720 1.0425
0.5280 -0.8960 -0.0720 1.0425
0.5280 -0.8960 -0.0720 1.0425
0.5280 -0.8960 -0.0720 1.0425
0.5280 -0.8960 -0.0720 1.0425
0.5280 -0.8960 -0.0720 1.0425
0.5280 -0.8960 -0.0720 1.0425
0.5280 -0.8960 -0.0720 1.0425
0.5280 -0.8960 -0.0720 1.0425
0.5280 -0.8960 -0.0720 1.0425
0.5280 -0.8960 -0.0720 1.0425
0.5280 -0.8960 -0.0720 1.0425
0.5280 -0.8960 -0.0720 1.0425
0.5360 -0.8880 -0.0720 1.0397
0.5360 -0.8880 -0.0720 1.0397
0.5360 -0.8880 -0.0720 1.0397
0.5360 -0.8880 -0.0720 1.0397
0.5360 -0.8880 -0.0720 1.0397
0.5360 -0.8880 -0.0720 1.0397
0.5360 -0.8880 -0.0720 1.0397
0.5360 -0.8880 -0.0720 1.0397
0.5360 -0.8880 -0.0720 1.0397
0.5360 -0.8880 -0.0720 1.0397
0.5360 -0.8880 -0.0720 1.0397
0.5360 -0.8880 -0.0720 1.0397
0.5360 -0.8880 -0.0720 1.0397
0.5360 -0.8880 -0.0720 1.0397
0.5360 -0.8880 -0.0720 1.0397
0.5360 -0.8880 -0.0720 1.0397
0.5360 -0.8880 -0.0720 1.0397
0.5360 -0.8880 -0.0720 1.0397
0.5360 -0.8880 -0.0720 1.0397
0.5360 -0.8880 -0.0720 1.0397
0.5360 -0.8880 -0.0720 1.0397
0.5360 -0.8880 -0.0720 1.0397
0.5360 -0.8880 -0.0720 1.0397
0.5360 -0.8880 -0.0720 1.0397
0.5360 -0.8880 -0.0720 1.0397
0.5360 -0.8880 -0.0720 1.0397
0.5360 -0.8880 -0.0720 1.0397
0.5360 -0.8880 -0.0720 1.0397
0.5360 -0.8880 -0.0720 1.0397
0.5360 -0.8880 -0.0720 1.0397
0.5360 -0.8880 -0.0720 1.0397
0.5360 -0.8880 -0.0800 1.0403
0.5600 -0.8880 -0.0800 1.0529
0.5600 -0.8880 -0.0800 1.0529
0.5600 -0.8880 -0.0800 1.0529
0.5600 -0.8880 -0.0800 1.0529
0.5600 -0.8880 -0.0800 1.0529
0.5600 -0.8880 -0.0800 1.0529
0.5600 -0.8880 -0.0800 1.0529
0.5600 -0.8880 -0.0800 1.0529
0.5600 -0.8880 -0.0800 1.0529
0.5600 -0.8880 -0.0800 1.0529
0.5600 -0.8880 -0.0800 1.0529
0.5600 -0.8880 -0.0800 1.0529
0.5600 -0.8880 -0.0800 1.0529
0.5600 -0.8880 -0.0800 1.0529
0.5600 -0.8880 -0.0800 1.0529
0.5600 -0.8880 -0.0800 1.0529
0.5600 -0.8880 -0.0800 1.0529
0.5600 -0.8880 -0.0800 1.0529
0.5600 -0.8880 -0.0800 1.0529
0.5600 -0.8880 -0.0800 1.0529
0.5600 -0.8880 -0.0800 1.0529
0.5600 -0.8880 -0.0800 1.0529
0.5600 -0.8880 -0.0800 1.0529
0.5600 -0.8880 -0.0800 1.0529
0.5600 -0.8880 -0.0800 1.0529
0.5600 -0.8880 -0.0800 1.0529
0.5600 -0.8880 -0.0800 1.0529
0.5600 -0.8880 -0.0800 1.0529
0.5600 -0.8880 -0.0800 1.0529
0.5600 -0.8880 -0.0800 1.0529
0.5600 -0.8880 -0.0800 1.0529
0.5600 -0.8880 -0.0800 1.0529
0.5680 -0.8960 -0.0800 1.0639
0.5680 -0.8960 -0.0800 1.0639
0.5680 -0.8960 -0.0800 1.0639
0.5680 -0.8960 -0.0800 1.0639
0.5680 -0.8960 -0.0800 1.0639
0.5680 -0.8960 -0.0800 1.0639
0.5680 -0.8960 -0.0800 1.0639
0.5680 -0.8960 -0.0800 1.0639
0.5680 -0.8960 -0.0800 1.0639
0.5680 -0.8960 -0.0800 1.0639
0.5680 -0.8960 -0.0800 1.0639
0.5680 -0.8960 -0.0800 1.0639
0.5680 -0.8960 -0.0800 1.0639
0.5680 -0.8960 -0.0800 1.0639
0.5680 -0.8960 -0.0800 1.0639
0.5680 -0.8960 -0.0800 1.0639
0.5680 -0.8960 -0.0800 1.0639
0.5680 -0.8960 -0.0800 1.0639
0.5680 -0.8960 -0.0800 1.0639
0.5680 -0.8960 -0.0800 1.0639
0.5680 -0.8960 -0.0800 1.0639
0.5680 -0.8960 -0.0800 1.0639
0.5680 -0.8960 -0.0800 1.0639
0.5680 -0.8960 -0.0800 1.0639
0.5680 -0.8960 -0.0800 1.0639
0.5680 -0.8960 -0.0800 1.0639
0.5680 -0.8960 -0.0800 1.0639
0.5680 -0.8960 -0.0800 1.0639
0.5680 -0.8960 -0.0800 1.0639
0.5680 -0.8960 -0.0800 1.0639
0.5680 -0.8960 -0.0800 1.0639
0.5680 -0.8960 -0.0960 1.0652
0.5440 -0.8400 -0.1280 1.0089
0.5440 -0.8400 -0.1280 1.0089
0.5440 -0.8400 -0.1280 1.0089
0.5440 -0.8400 -0.1280 1.0089
0.5440 -0.8400 -0.1280 1.0089
0.5440 -0.8400 -0.1280 1.0089
0.5440 -0.8400 -0.1280 1.0089
0.5440 -0.8400 -0.1280 1.0089
0.5440 -0.8400 -0.1280 1.0089
0.5440 -0.8400 -0.1280 1.0089
0.5440 -0.8400 -0.1280 1.0089
0.5440 -0.8400 -0.1280 1.0089
0.5440 -0.8400 -0.1280 1.0089
0.5440 -0.8400 -0.1280 1.0089
0.5440 -0.8400 -0.1280 1.0089
0.5440 -0.8400 -0.1280 1.0089
0.5440 -0.8400 -0.1280 1.0089
0.5440 -0.8400 -0.1280 1.0089
0.5440 -0.8400 -0.1280 1.0089
0.5440 -0.8400 -0.1280 1.0089
0.5440 -0.8400 -0.1280 1.0089
0.5440 -0.8400 -0.1280 1.0089
0.5440 -0.8400 -0.1280 1.0089
0.5440 -0.8400 -0.1280 1.0089
0.5440 -0.8400 -0.1280 1.0089
0.5440 -0.8400 -0.1280 1.0089
0.5440 -0.8400 -0.1280 1.0089
0.5440 -0.8400 -0.1280 1.0089
0.5440 -0.8400 -0.1280 1.0089
0.5440 -0.8400 -0.1280 1.0089
0.5440 -0.8400 -0.1280 1.0089
0.5440 -0.8400 -0.1040 1.0062
0.5360 -0.8720 -0.1040 1.0288
0.5360 -0.8720 -0.1040 1.0288
0.5360 -0.8720 -0.1040 1.0288
0.5360 -0.8720 -0.1040 1.0288
0.5360 -0.8720 -0.1040 1.0288
0.5360 -0.8720 -0.1040 1.0288
0.5360 -0.8720 -0.1040 1.0288
0.5360 -0.8720 -0.1040 1.0288
0.5360 -0.8720 -0.1040 1.0288
0.5360 -0.8720 -0.1040 1.0288
0.5360 -0.8720 -0.1040 1.0288
0.5360 -0.8720 -0.1040 1.0288
0.5360 -0.8720 -0.1040 1.0288
0.5360 -0.8720 -0.1040 1.0288
0.5360 -0.8720 -0.1040 1.0288
0.5360 -0.8720 -0.1040 1.0288
0.5360 -0.8720 -0.1040 1.0288
0.5360 -0.8720 -0.1040 1.0288
0.5360 -0.8720 -0.1040 1.0288
0.5360 -0.8720 -0.1040 1.0288
0.5360 -0.8720 -0.1040 1.0288
0.5360 -0.8720 -0.1040 1.0288
0.5360 -0.8720 -0.1040 1.0288
0.5360 -0.8720 -0.1040 1.0288
0.5360 -0.8720 -0.1040 1.0288
0.5360 -0.8720 -0.1040 1.0288
0.5360 -0.8720 -0.1040 1.0288
0.5360 -0.8720 -0.1040 1.0288
0.5360 -0.8720 -0.1040 1.0288
0.5360 -0.8720 -0.1040 1.0288
0.5360 -0.8720 -0.1040 1.0288
0.5360 -0.8720 -0.1120 1.0297
0.5280 -0.8720 -0.1120 1.0255
0.5280 -0.8720 -0.1120 1.0255
0.5280 -0.8720 -0.1120 1.0255
0.5280 -0.8720 -0.1120 1.0255
0.5280 -0.8720 -0.1120 1.0255
0.5280 -0.8720 -0.1120 1.0255
0.5280 -0.8720 -0.1120 1.0255
0.5280 -0.8720 -0.1120 1.0255
0.5280 -0.8720 -0.1120 1.0255
0.5280 -0.8720 -0.1120 1.0255
0.5280 -0.8720 -0.1120 1.0255
0.5280 -0.8720 -0.1120 1.0255
0.5280 -0.8720 -0.1120 1.0255
0.5280 -0.8720 -0.1120 1.0255
0.5280 -0.8720 -0.1120 1.0255
0.5280 -0.8720 -0.1120 1.0255
0.5280 -0.8720 -0.1120 1.0255
0.5280 -0.8720 -0.1120 1.0255
0.5280 -0.8720 -0.1120 1.0255
0.5280 -0.8720 -0.1120 1.0255
0.5280 -0.8720 -0.1120 1.0255
0.5280 -0.8720 -0.1120 1.0255
0.5280 -0.8720 -0.1120 1.0255
0.5280 -0.8720 -0.1120 1.0255
0.5280 -0.8720 -0.1120 1.0255
0.5280 -0.8720 -0.1120 1.0255
0.5280 -0.8720 -0.1120 1.0255
0.5280 -0.8720 -0.1120 1.0255
0.5280 -0.8720 -0.1120 1.0255
0.5280 -0.8720 -0.1120 1.0255
0.5280 -0.8720 -0.1120 1.0255
0.5280 -0.8720 -0.1120 1.0255
0.5120 -0.8560 -0.0800 1.0006
0.5120 -0.8560 -0.0800 1.0006
0.5120 -0.8560 -0.0800 1.0006
0.5120 -0.8560 -0.0800 1.0006
0.5120 -0.8560 -0.0800 1.0006
0.5120 -0.8560 -0.0800 1.0006
0.5120 -0.8560 -0.0800 1.0006
0.5120 -0.8560 -0.0800 1.0006
0.5120 -0.8560 -0.0800 1.0006
0.5120 -0.8560 -0.0800 1.0006
0.5120 -0.8560 -0.0800 1.0006
0.5120 -0.8560 -0.0800 1.0006
0.5120 -0.8560 -0.0800 1.0006
0.5120 -0.8560 -0.0800 1.0006
0.5120 -0.8560 -0.0800 1.0006
0.5120 -0.8560 -0.0800 1.0006
0.5120 -0.8560 -0.0800 1.0006
0.5120 -0.8560 -0.0800 1.0006
0.5120 -0.8560 -0.0800 1.0006
0.5120 -0.8560 -0.0800 1.0006
0.5120 -0.8560 -0.0800 1.0006
0.5120 -0.8560 -0.0800 1.0006
0.5120 -0.8560 -0.0800 1.0006
0.5120 -0.8560 -0.0800 1.0006
0.5120 -0.8560 -0.0800 1.0006
0.5120 -0.8560 -0.0800 1.0006
0.5120 -0.8560 -0.0800 1.0006
0.5120 -0.8560 -0.0800 1.0006
0.5120 -0.8560 -0.0800 1.0006
0.5120 -0.8560 -0.0800 1.0006
0.5120 -0.8560 -0.0800 1.0006
0.5120 -0.8560 -0.0880 1.0013
0.5360 -0.8720 -0.1200 1.0306
0.5360 -0.8720 -0.1200 1.0306
0.5360 -0.8720 -0.1200 1.0306
0.5360 -0.8720 -0.1200 1.0306
0.5360 -0.8720 -0.1200 1.0306
0.5360 -0.8720 -0.1200 1.0306
0.5360 -0.8720 -0.1200 1.0306
0.5360 -0.8720 -0.1200 1.0306
0.5360 -0.8720 -0.1200 1.0306
0.5360 -0.8720 -0.1200 1.0306
0.5360 -0.8720 -0.1200 1.0306
0.5360 -0.8720 -0.1200 1.0306
0.5360 -0.8720 -0.1200 1.0306
0.5360 -0.8720 -0.1200 1.0306
0.5360 -0.8720 -0.1200 1.0306
0.5360 -0.8720 -0.1200 1.0306
0.5360 -0.8720 -0.1200 1.0306
0.5360 -0.8720 -0.1200 1.0306
0.5360 -0.8720 -0.1200 1.0306
0.5360 -0.8720 -0.1200 1.0306
0.5360 -0.8720 -0.1200 1.0306
0.5360 -0.8720 -0.1200 1.0306
0.5360 -0.8720 -0.1200 1.0306
0.5360 -0.8720 -0.1200 1.0306
0.5360 -0.8720 -0.1200 1.0306
0.5360 -0.8720 -0.1200 1.0306
0.5360 -0.8720 -0.1200 1.0306
0.5360 -0.8720 -0.1200 1.0306
0.5360 -0.8720 -0.1200 1.0306
0.5360 -0.8720 -0.1200 1.0306
0.5360 -0.8720 -0.1200 1.0306
0.5360 -0.8720 -0.1120 1.0297
0.5360 -0.8720 -0.1120 1.0297
0.5360 -0.8720 -0.1120 1.0297
0.5360 -0.8720 -0.1120 1.0297
0.5360 -0.8720 -0.1120 1.0297
0.5360 -0.8720 -0.1120 1.0297
0.5360 -0.8720 -0.1120 1.0297
0.5360 -0.8720 -0.1120 1.0297
0.5360 -0.8720 -0.1120 1.0297
0.5360 -0.8720 -0.1120 1.0297
0.5360 -0.8720 -0.1120 1.0297
0.5360 -0.8720 -0.1120 1.0297
0.5360 -0.8720 -0.1120 1.0297
0.5360 -0.8720 -0.1120 1.0297
0.5360 -0.8720 -0.1120 1.0297
0.5360 -0.8720 -0.1120 1.0297
0.5360 -0.8720 -0.1120 1.0297
0.5360 -0.8720 -0.1120 1.0297
0.5360 -0.8720 -0.1120 1.0297
0.5360 -0.8720 -0.1120 1.0297
0.5360 -0.8720 -0.1120 1.0297
0.5360 -0.8720 -0.1120 1.0297
0.5360 -0.8720 -0.1120 1.0297
0.5360 -0.8720 -0.1120 1.0297
0.5360 -0.8720 -0.1120 1.0297
0.5360 -0.8720 -0.1120 1.0297
0.5360 -0.8720 -0.1120 1.0297
0.5360 -0.8720 -0.1120 1.0297
0.5360 -0.8720 -0.1120 1.0297
0.5360 -0.8720 -0.1120 1.0297
0.5360 -0.8720 -0.1120 1.0297
0.5360 -0.8720 -0.1120 1.0297
0.5360 -0.8720 -0.1040 1.0288
0.5360 -0.8720 -0.1040 1.0288
0.5360 -0.8720 -0.1040 1.0288
0.5360 -0.8720 -0.1040 1.0288
0.5360 -0.8720 -0.1040 1.0288
0.5360 -0.8720 -0.1040 1.0288
0.5360 -0.8720 -0.1040 1.0288
0.5360 -0.8720 -0.1040 1.0288
0.5360 -0.8720 -0.1040 1.0288
0.5360 -0.8720 -0.1040 1.0288
0.5360 -0.8720 -0.1040 1.0288
0.5360 -0.8720 -0.1040 1.0288
0.5360 -0.8720 -0.1040 1.0288
0.5360 -0.8720 -0.1040 1.0288
0.5360 -0.8720 -0.1040 1.0288
0.5360 -0.8720 -0.1040 1.0288
0.5360 -0.8720 -0.1040 1.0288
0.5360 -0.8720 -0.1040 1.0288
0.5360 -0.8720 -0.1040 1.0288
0.5360 -0.8720 -0.1040 1.0288
0.5360 -0.8720 -0.1040 1.0288
0.5360 -0.8720 -0.1040 1.0288
0.5360 -0.8720 -0.1040 1.0288
0.5360 -0.8720 -0.1040 1.0288
0.5360 -0.8720 -0.1040 1.0288
0.5360 -0.8720 -0.1040 1.0288
0.5360 -0.8720 -0.1040 1.0288
0.5360 -0.8720 -0.1040 1.0288
0.5360 -0.8720 -0.1040 1.0288
0.5360 -0.8720 -0.1040 1.0288
0.5360 -0.8720 -0.1040 1.0288
0.5360 -0.8720 -0.1040 1.0288
0.5360 -0.8720 -0.1040 1.0288
0.5280 -0.8960 -0.0720 1.0425
0.5280 -0.8960 -0.0720 1.0425
0.5280 -0.8960 -0.0720 1.0425
0.5280 -0.8960 -0.0720 1.0425
0.5280 -0.8960 -0.0720 1.0425
0.5280 -0.8960 -0.0720 1.0425
0.5280 -0.8960 -0.0720 1.0425
0.5280 -0.8960 -0.0720 1.0425
0.5280 -0.8960 -0.0720 1.0425
0.5280 -0.8960 -0.0720 1.0425
0.5280 -0.8960 -0.0720 1.0425
0.5280 -0.8960 -0.0720 1.0425
0.5280 -0.8960 -0.0720 1.0425
0.5280 -0.8960 -0.0720 1.0425
0.5280 -0.8960 -0.0720 1.0425
0.5280 -0.8960 -0.0720 1.0425
0.5280 -0.8960 -0.0720 1.0425
0.5280 -0.8960 -0.0720 1.0425
0.5280 -0.8960 -0.0720 1.0425
0.5280 -0.8960 -0.0720 1.0425
0.5280 -0.8960 -0.0720 1.0425
0.5280 -0.8960 -0.0720 1.0425
0.5280 -0.8960 -0.0720 1.0425
0.5280 -0.8960 -0.0720 1.0425
0.5280 -0.8960 -0.0720 1.0425
0.5280 -0.8960 -0.0720 1.0425
0.5280 -0.8960 -0.0720 1.0425
0.5280 -0.8960 -0.0720 1.0425
0.5280 -0.8960 -0.0720 1.0425
0.5280 -0.8960 -0.0720 1.0425
0.5280 -0.8960 -0.0720 1.0425
0.5280 -0.8960 -0.0800 1.0431
0.5280 -0.8720 -0.1120 1.0255
0.5280 -0.8720 -0.1120 1.0255
0.5280 -0.8720 -0.1120 1.0255
0.5280 -0.8720 -0.1120 1.0255
0.5280 -0.8720 -0.1120 1.0255
0.5280 -0.8720 -0.1120 1.0255
0.5280 -0.8720 -0.1120 1.0255
0.5280 -0.8720 -0.1120 1.0255
0.5280 -0.8720 -0.1120 1.0255
0.5280 -0.8720 -0.1120 1.0255
0.5280 -0.8720 -0.1120 1.0255
0.5280 -0.8720 -0.1120 1.0255
0.5280 -0.8720 -0.1120 1.0255
0.5280 -0.8720 -0.1120 1.0255
0.5280 -0.8720 -0.1120 1.0255
0.5280 -0.8720 -0.1120 1.0255
0.5280 -0.8720 -0.1120 1.0255
0.5280 -0.8720 -0.1120 1.0255
0.5280 -0.8720 -0.1120 1.0255
0.5280 -0.8720 -0.1120 1.0255
0.5280 -0.8720 -0.1120 1.0255
0.5280 -0.8720 -0.1120 1.0255
0.5280 -0.8720 -0.1120 1.0255
0.5280 -0.8720 -0.1120 1.0255
0.5280 -0.8720 -0.1120 1.0255
0.5280 -0.8720 -0.1120 1.0255
0.5280 -0.8720 -0.1120 1.0255
0.5280 -0.8720 -0.1120 1.0255
0.5280 -0.8720 -0.1120 1.0255
0.5280 -0.8720 -0.1120 1.0255
0.5280 -0.8720 -0.1120 1.0255
0.5280 -0.8720 -0.1280 1.0274
0.5600 -0.8720 -0.1280 1.0442
0.5600 -0.8720 -0.1280 1.0442
0.5600 -0.8720 -0.1280 1.0442
0.5600 -0.8720 -0.1280 1.0442
0.5600 -0.8720 -0.1280 1.0442
0.5600 -0.8720 -0.1280 1.0442
0.5600 -0.8720 -0.1280 1.0442
0.5600 -0.8720 -0.1280 1.0442
0.5600 -0.8720 -0.1280 1.0442
0.5600 -0.8720 -0.1280 1.0442
0.5600 -0.8720 -0.1280 1.0442
0.5600 -0.8720 -0.1280 1.0442
0.5600 -0.8720 -0.1280 1.0442
0.5600 -0.8720 -0.1280 1.0442
0.5600 -0.8720 -0.1280 1.0442
0.5600 -0.8720 -0.1280 1.0442
0.5600 -0.8720 -0.1280 1.0442
0.5600 -0.8720 -0.1280 1.0442
0.5600 -0.8720 -0.1280 1.0442
0.5600 -0.8720 -0.1280 1.0442
0.5600 -0.8720 -0.1280 1.0442
0.5600 -0.8720 -0.1280 1.0442
0.5600 -0.8720 -0.1280 1.0442
0.5600 -0.8720 -0.1280 1.0442
0.5600 -0.8720 -0.1280 1.0442
0.5600 -0.8720 -0.1280 1.0442
0.5600 -0.8720 -0.1280 1.0442
0.5600 -0.8720 -0.1280 1.0442
0.5600 -0.8720 -0.1280 1.0442
0.5600 -0.8720 -0.1280 1.0442
0.5600 -0.8720 -0.1280 1.0442
0.5600 -0.8720 -0.1280 1.0442
0.5600 -0.8800 -0.0960 1.0475
0.5600 -0.8800 -0.0960 1.0475
0.5600 -0.8800 -0.0960 1.0475
0.5600 -0.8800 -0.0960 1.0475
0.5600 -0.8800 -0.0960 1.0475
0.5600 -0.8800 -0.0960 1.0475
0.5600 -0.8800 -0.0960 1.0475
0.5600 -0.8800 -0.0960 1.0475
0.5600 -0.8800 -0.0960 1.0475
0.5600 -0.8800 -0.0960 1.0475
0.5600 -0.8800 -0.0960 1.0475
0.5600 -0.8800 -0.0960 1.0475
0.5600 -0.8800 -0.0960 1.0475
0.5600 -0.8800 -0.0960 1.0475
0.5600 -0.8800 -0.0960 1.0475
0.5600 -0.8800 -0.0960 1.0475
0.5600 -0.8800 -0.0960 1.0475
0.5600 -0.8800 -0.0960 1.0475
0.5600 -0.8800 -0.0960 1.0475
0.5600 -0.8800 -0.0960 1.0475
0.5600 -0.8800 -0.0960 1.0475
0.5600 -0.8800 -0.0960 1.0475
0.5600 -0.8800 -0.0960 1.0475
0.5600 -0.8800 -0.0960 1.0475
0.5600 -0.8800 -0.0960 1.0475
0.5600 -0.8800 -0.0960 1.0475
0.5600 -0.8800 -0.0960 1.0475
0.5600 -0.8800 -0.0960 1.0475
0.5600 -0.8800 -0.0960 1.0475
0.5600 -0.8800 -0.0960 1.0475
0.5600 -0.8800 -0.0960 1.0475
0.5600 -0.8800 -0.0960 1.0475
0.5680 -0.8880 -0.0960 1.0585
0.5680 -0.8880 -0.0960 1.0585
0.5680 -0.8880 -0.0960 1.0585
0.5680 -0.8880 -0.0960 1.0585
0.5680 -0.8880 -0.0960 1.0585
0.5680 -0.8880 -0.0960 1.0585
0.5680 -0.8880 -0.0960 1.0585
0.5680 -0.8880 -0.0960 1.0585
0.5680 -0.8880 -0.0960 1.0585
0.5680 -0.8880 -0.0960 1.0585
0.5680 -0.8880 -0.0960 1.0585
0.5680 -0.8880 -0.0960 1.0585
0.5680 -0.8880 -0.0960 1.0585
0.5680 -0.8880 -0.0960 1.0585
0.5680 -0.8880 -0.0960 1.0585
0.5680 -0.8880 -0.0960 1.0585
0.5680 -0.8880 -0.0960 1.0585
0.5680 -0.8880 -0.0960 1.0585
0.5680 -0.8880 -0.0960 1.0585
0.5680 -0.8880 -0.0960 1.0585
0.5680 -0.8880 -0.0960 1.0585
0.5680 -0.8880 -0.0960 1.0585
0.5680 -0.8880 -0.0960 1.0585
0.5680 -0.8880 -0.0960 1.0585
0.5680 -0.8880 -0.0960 1.0585
0.5680 -0.8880 -0.0960 1.0585
0.5680 -0.8880 -0.0960 1.0585
0.5680 -0.8880 -0.0960 1.0585
0.5680 -0.8880 -0.0960 1.0585
0.5680 -0.8880 -0.0960 1.0585
0.5680 -0.8880 -0.0960 1.0585
0.5680 -0.8880 -0.0720 1.0566
0.5360 -0.8960 -0.0720 1.0466
0.5360 -0.8960 -0.0720 1.0466
0.5360 -0.8960 -0.0720 1.0466
0.5360 -0.8960 -0.0720 1.0466
0.5360 -0.8960 -0.0720 1.0466
0.5360 -0.8960 -0.0720 1.0466
0.5360 -0.8960 -0.0720 1.0466
0.5360 -0.8960 -0.0720 1.0466
0.5360 -0.8960 -0.0720 1.0466
0.5360 -0.8960 -0.0720 1.0466
0.5360 -0.8960 -0.0720 1.0466
0.5360 -0.8960 -0.0720 1.0466
0.5360 -0.8960 -0.0720 1.0466
0.5360 -0.8960 -0.0720 1.0466
0.5360 -0.8960 -0.0720 1.0466
0.5360 -0.8960 -0.0720 1.0466
0.5360 -0.8960 -0.0720 1.0466
0.5360 -0.8960 -0.0720 1.0466
0.5360 -0.8960 -0.0720 1.0466
0.5360 -0.8960 -0.0720 1.0466
0.5360 -0.8960 -0.0720 1.0466
0.5360 -0.8960 -0.0720 1.0466
0.5360 -0.8960 -0.0720 1.0466
0.5360 -0.8960 -0.0720 1.0466
0.5360 -0.8960 -0.0720 1.0466
0.5360 -0.8960 -0.0720 1.0466
0.5360 -0.8960 -0.0720 1.0466
0.5360 -0.8960 -0.0720 1.0466
0.5360 -0.8960 -0.0720 1.0466
0.5360 -0.8960 -0.0720 1.0466
0.5360 -0.8960 -0.0720 1.0466
0.5360 -0.8960 -0.0720 1.0466
0.5360 -0.8960 -0.0720 1.0466
0.5360 -0.8960 -0.0720 1.0466
0.5360 -0.8960 -0.0720 1.0466
0.5360 -0.8960 -0.0720 1.0466
0.5360 -0.8960 -0.0720 1.0466
0.5360 -0.8960 -0.0720 1.0466
0.5360 -0.8960 -0.0720 1.0466
0.5360 -0.8960 -0.0720 1.0466
0.5360 -0.8960 -0.0720 1.0466
0.5360 -0.8960 -0.0720 1.0466
0.5360 -0.8960 -0.0720 1.0466
0.5360 -0.8960 -0.0720 1.0466
0.5360 -0.8960 -0.0720 1.0466
0.5360 -0.8960 -0.0720 1.0466
0.5360 -0.8960 -0.0720 1.0466
0.5360 -0.8960 -0.0720 1.0466
0.5360 -0.8960 -0.0720 1.0466
0.5360 -0.8960 -0.0720 1.0466
0.5360 -0.8960 -0.0720 1.0466
0.5360 -0.8960 -0.0720 1.0466
0.5360 -0.8960 -0.0720 1.0466
0.5360 -0.8960 -0.0720 1.0466
0.5360 -0.8960 -0.0720 1.0466
0.5360 -0.8960 -0.0720 1.0466
0.5360 -0.8960 -0.0720 1.0466
0.5360 -0.8960 -0.0720 1.0466
0.5360 -0.8960 -0.0720 1.0466
0.5360 -0.8960 -0.0720 1.0466
0.5360 -0.8960 -0.0720 1.0466
0.5360 -0.8960 -0.0720 1.0466
0.5360 -0.8960 -0.0720 1.0466
0.5360 -0.8960 -0.0720 1.0466
0.5360 -0.8960 -0.0720 1.0466
0.5360 -0.8960 -0.0720 1.0466
0.5360 -0.8960 -0.0720 1.0466
0.5360 -0.8960 -0.0720 1.0466
0.5360 -0.8960 -0.0720 1.0466
0.5360 -0.8960 -0.0720 1.0466
0.5360 -0.8960 -0.0720 1.0466
0.5360 -0.8960 -0.0720 1.0466
0.5360 -0.8960 -0.0720 1.0466
0.5360 -0.8960 -0.0720 1.0466
0.5360 -0.8960 -0.0720 1.0466
0.5360 -0.8960 -0.0720 1.0466
0.5360 -0.8960 -0.0720 1.0466
0.5360 -0.8960 -0.0720 1.0466
0.5360 -0.8960 -0.0720 1.0466
0.5360 -0.8960 -0.0720 1.0466
0.5360 -0.8960 -0.0720 1.0466
0.5360 -0.8960 -0.0720 1.0466
0.5360 -0.8960 -0.0720 1.0466
0.5360 -0.8960 -0.0720 1.0466
0.5360 -0.8960 -0.0720 1.0466
0.5360 -0.8960 -0.0720 1.0466
0.5360 -0.8960 -0.0720 1.0466
0.5360 -0.8960 -0.0720 1.0466
0.5360 -0.8960 -0.0720 1.0466
0.5360 -0.8960 -0.0720 1.0466
0.5360 -0.8960 -0.0720 1.0466
0.5360 -0.8960 -0.0720 1.0466
0.5360 -0.8960 -0.0720 1.0466
0.5360 -0.8960 -0.0720 1.0466
0.5360 -0.8960 -0.0720 1.0466
0.5360 -0.8960 -0.0880 1.0478
0.5600 -0.8880 -0.0880 1.0535
0.5600 -0.8880 -0.0880 1.0535
0.5600 -0.8880 -0.0880 1.0535
0.5600 -0.8880 -0.0880 1.0535
0.5600 -0.8880 -0.0880 1.0535
0.5600 -0.8880 -0.0880 1.0535
0.5600 -0.8880 -0.0880 1.0535
0.5600 -0.8880 -0.0880 1.0535
0.5600 -0.8880 -0.0880 1.0535
0.5600 -0.8880 -0.0880 1.0535
0.5600 -0.8880 -0.0880 1.0535
0.5600 -0.8880 -0.0880 1.0535
0.5600 -0.8880 -0.0880 1.0535
0.5600 -0.8880 -0.0880 1.0535
0.5600 -0.8880 -0.0880 1.0535
0.5600 -0.8880 -0.0880 1.0535
0.5600 -0.8880 -0.0880 1.0535
0.5600 -0.8880 -0.0880 1.0535
0.5600 -0.8880 -0.0880 1.0535
0.5600 -0.8880 -0.0880 1.0535
0.5600 -0.8880 -0.0880 1.0535
0.5600 -0.8880 -0.0880 1.0535
0.5600 -0.8880 -0.0880 1.0535
0.5600 -0.8880 -0.0880 1.0535
0.5600 -0.8880 -0.0880 1.0535
0.5600 -0.8880 -0.0880 1.0535
0.5600 -0.8880 -0.0880 1.0535
0.5600 -0.8880 -0.0880 1.0535
0.5600 -0.8880 -0.0880 1.0535
0.5600 -0.8880 -0.0880 1.0535
0.5600 -0.8880 -0.0880 1.0535
0.5600 -0.8880 -0.0880 1.0535
0.5680 -0.8880 -0.1200 1.0609
0.5680 -0.8880 -0.1200 1.0609
0.5680 -0.8880 -0.1200 1.0609
0.5680 -0.8880 -0.1200 1.0609
0.5680 -0.8880 -0.1200 1.0609
0.5680 -0.8880 -0.1200 1.0609
0.5680 -0.8880 -0.1200 1.0609
0.5680 -0.8880 -0.1200 1.0609
0.5680 -0.8880 -0.1200 1.0609
0.5680 -0.8880 -0.1200 1.0609
0.5680 -0.8880 -0.1200 1.0609
0.5680 -0.8880 -0.1200 1.0609
0.5680 -0.8880 -0.1200 1.0609
0.5680 -0.8880 -0.1200 1.0609
0.5680 -0.8880 -0.1200 1.0609
0.5680 -0.8880 -0.1200 1.0609
0.5680 -0.8880 -0.1200 1.0609
0.5680 -0.8880 -0.1200 1.0609
0.5680 -0.8880 -0.1200 1.0609
0.5680 -0.8880 -0.1200 1.0609
0.5680 -0.8880 -0.1200 1.0609
0.5680 -0.8880 -0.1200 1.0609
0.5680 -0.8880 -0.1200 1.0609
0.5680 -0.8880 -0.1200 1.0609
0.5680 -0.8880 -0.1200 1.0609
0.5680 -0.8880 -0.1200 1.0609
0.5680 -0.8880 -0.1200 1.0609
0.5680 -0.8880 -0.1200 1.0609
0.5680 -0.8880 -0.1200 1.0609
0.5680 -0.8880 -0.1200 1.0609
0.5680 -0.8880 -0.1200 1.0609
0.5680 -0.8880 -0.1200 1.0609
0.5600 -0.8800 -0.1200 1.0500
0.5600 -0.8800 -0.1200 1.0500
0.5600 -0.8800 -0.1200 1.0500
0.5600 -0.8800 -0.1200 1.0500
0.5600 -0.8800 -0.1200 1.0500
0.5600 -0.8800 -0.1200 1.0500
0.5600 -0.8800 -0.1200 1.0500
0.5600 -0.8800 -0.1200 1.0500
0.5600 -0.8800 -0.1200 1.0500
0.5600 -0.8800 -0.1200 1.0500
0.5600 -0.8800 -0.1200 1.0500
0.5600 -0.8800 -0.1200 1.0500
0.5600 -0.8800 -0.1200 1.0500
0.5600 -0.8800 -0.1200 1.0500
0.5600 -0.8800 -0.1200 1.0500
0.5600 -0.8800 -0.1200 1.0500
0.5600 -0.8800 -0.1200 1.0500
0.5600 -0.8800 -0.1200 1.0500
0.5600 -0.8800 -0.1200 1.0500
0.5600 -0.8800 -0.1200 1.0500
0.5600 -0.8800 -0.1200 1.0500
0.5600 -0.8800 -0.1200 1.0500
0.5600 -0.8800 -0.1200 1.0500
0.5600 -0.8800 -0.1200 1.0500
0.5600 -0.8800 -0.1200 1.0500
0.5600 -0.8800 -0.1200 1.0500
0.5600 -0.8800 -0.1200 1.0500
0.5600 -0.8800 -0.1200 1.0500
0.5600 -0.8800 -0.1200 1.0500
0.5600 -0.8800 -0.1200 1.0500
0.5600 -0.8800 -0.1200 1.0500
0.5600 -0.8800 -0.1040 1.0482
0.5280 -0.8720 -0.1040 1.0247
0.5280 -0.8720 -0.1040 1.0247
0.5280 -0.8720 -0.1040 1.0247
0.5280 -0.8720 -0.1040 1.0247
0.5280 -0.8720 -0.1040 1.0247
0.5280 -0.8720 -0.1040 1.0247
0.5280 -0.8720 -0.1040 1.0247
0.5280 -0.8720 -0.1040 1.0247
0.5280 -0.8720 -0.1040 1.0247
0.5280 -0.8720 -0.1040 1.0247
0.5280 -0.8720 -0.1040 1.0247
0.5280 -0.8720 -0.1040 1.0247
0.5280 -0.8720 -0.1040 1.0247
0.5280 -0.8720 -0.1040 1.0247
0.5280 -0.8720 -0.1040 1.0247
0.5280 -0.8720 -0.1040 1.0247
0.5280 -0.8720 -0.1040 1.0247
0.5280 -0.8720 -0.1040 1.0247
0.5280 -0.8720 -0.1040 1.0247
0.5280 -0.8720 -0.1040 1.0247
0.5280 -0.8720 -0.1040 1.0247
0.5280 -0.8720 -0.1040 1.0247
0.5280 -0.8720 -0.1040 1.0247
0.5280 -0.8720 -0.1040 1.0247
0.5280 -0.8720 -0.1040 1.0247
0.5280 -0.8720 -0.1040 1.0247
0.5280 -0.8720 -0.1040 1.0247
0.5280 -0.8720 -0.1040 1.0247
0.5280 -0.8720 -0.1040 1.0247
0.5280 -0.8720 -0.1040 1.0247
0.5280 -0.8720 -0.1040 1.0247
0.5280 -0.8720 -0.1040 1.0247
0.5360 -0.8960 -0.1040 1.0493
0.5360 -0.8960 -0.1040 1.0493
0.5360 -0.8960 -0.1040 1.0493
0.5360 -0.8960 -0.1040 1.0493
0.5360 -0.8960 -0.1040 1.0493
0.5360 -0.8960 -0.1040 1.0493
0.5360 -0.8960 -0.1040 1.0493
0.5360 -0.8960 -0.1040 1.0493
0.5360 -0.8960 -0.1040 1.0493
0.5360 -0.8960 -0.1040 1.0493
0.5360 -0.8960 -0.1040 1.0493
0.5360 -0.8960 -0.1040 1.0493
0.5360 -0.8960 -0.1040 1.0493
0.5360 -0.8960 -0.1040 1.0493
0.5360 -0.8960 -0.1040 1.0493
0.5360 -0.8960 -0.1040 1.0493
0.5360 -0.8960 -0.1040 1.0493
0.5360 -0.8960 -0.1040 1.0493
0.5360 -0.8960 -0.1040 1.0493
0.5360 -0.8960 -0.1040 1.0493
0.5360 -0.8960 -0.1040 1.0493
0.5360 -0.8960 -0.1040 1.0493
0.5360 -0.8960 -0.1040 1.0493
0.5360 -0.8960 -0.1040 1.0493
0.5360 -0.8960 -0.1040 1.0493
0.5360 -0.8960 -0.1040 1.0493
0.5360 -0.8960 -0.1040 1.0493
0.5360 -0.8960 -0.1040 1.0493
0.5360 -0.8960 -0.1040 1.0493
0.5360 -0.8960 -0.1040 1.0493
0.5360 -0.8960 -0.1040 1.0493
0.5360 -0.8960 -0.1040 1.0493
0.5280 -0.8800 -0.1360 1.0352
0.5280 -0.8800 -0.1360 1.0352
0.5280 -0.8800 -0.1360 1.0352
0.5280 -0.8800 -0.1360 1.0352
0.5280 -0.8800 -0.1360 1.0352
0.5280 -0.8800 -0.1360 1.0352
0.5280 -0.8800 -0.1360 1.0352
0.5280 -0.8800 -0.1360 1.0352
0.5280 -0.8800 -0.1360 1.0352
0.5280 -0.8800 -0.1360 1.0352
0.5280 -0.8800 -0.1360 1.0352
0.5280 -0.8800 -0.1360 1.0352
0.5280 -0.8800 -0.1360 1.0352
0.5280 -0.8800 -0.1360 1.0352
0.5280 -0.8800 -0.1360 1.0352
0.5280 -0.8800 -0.1360 1.0352
0.5280 -0.8800 -0.1360 1.0352
0.5280 -0.8800 -0.1360 1.0352
0.5280 -0.8800 -0.1360 1.0352
0.5280 -0.8800 -0.1360 1.0352
0.5280 -0.8800 -0.1360 1.0352
0.5280 -0.8800 -0.1360 1.0352
0.5280 -0.8800 -0.1360 1.0352
0.5280 -0.8800 -0.1360 1.0352
0.5280 -0.8800 -0.1360 1.0352
0.5280 -0.8800 -0.1360 1.0352
0.5280 -0.8800 -0.1360 1.0352
0.5280 -0.8800 -0.1360 1.0352
0.5280 -0.8800 -0.1360 1.0352
0.5280 -0.8800 -0.1360 1.0352
0.5280 -0.8800 -0.1360 1.0352
0.5280 -0.8800 -0.1360 1.0352
0.5360 -0.8800 -0.1040 1.0356
0.5360 -0.8800 -0.1040 1.0356
0.5360 -0.8800 -0.1040 1.0356
0.5360 -0.8800 -0.1040 1.0356
0.5360 -0.8800 -0.1040 1.0356
0.5360 -0.8800 -0.1040 1.0356
0.5360 -0.8800 -0.1040 1.0356
0.5360 -0.8800 -0.1040 1.0356
0.5360 -0.8800 -0.1040 1.0356
0.5360 -0.8800 -0.1040 1.0356
0.5360 -0.8800 -0.1040 1.0356
0.5360 -0.8800 -0.1040 1.0356
0.5360 -0.8800 -0.1040 1.0356
0.5360 -0.8800 -0.1040 1.0356
0.5360 -0.8800 -0.1040 1.0356
0.5360 -0.8800 -0.1040 1.0356
0.5360 -0.8800 -0.1040 1.0356
0.5360 -0.8800 -0.1040 1.0356
0.5360 -0.8800 -0.1040 1.0356
0.5360 -0.8800 -0.1040 1.0356
0.5360 -0.8800 -0.1040 1.0356
0.5360 -0.8800 -0.1040 1.0356
0.5360 -0.8800 -0.1040 1.0356
0.5360 -0.8800 -0.1040 1.0356
0.5360 -0.8800 -0.1040 1.0356
0.5360 -0.8800 -0.1040 1.0356
0.5360 -0.8800 -0.1040 1.0356
0.5360 -0.8800 -0.1040 1.0356
0.5360 -0.8800 -0.1040 1.0356
0.5360 -0.8800 -0.1040 1.0356
0.5360 -0.8800 -0.1040 1.0356
0.5360 -0.8800 -0.1280 1.0383
0.5600 -0.8880 -0.1280 1.0576
0.5600 -0.8880 -0.1280 1.0576
0.5600 -0.8880 -0.1280 1.0576
0.5600 -0.8880 -0.1280 1.0576
0.5600 -0.8880 -0.1280 1.0576
0.5600 -0.8880 -0.1280 1.0576
0.5600 -0.8880 -0.1280 1.0576
0.5600 -0.8880 -0.1280 1.0576
0.5600 -0.8880 -0.1280 1.0576
0.5600 -0.8880 -0.1280 1.0576
0.5600 -0.8880 -0.1280 1.0576
0.5600 -0.8880 -0.1280 1.0576
0.5600 -0.8880 -0.1280 1.0576
0.5600 -0.8880 -0.1280 1.0576
0.5600 -0.8880 -0.1280 1.0576
0.5600 -0.8880 -0.1280 1.0576
0.5600 -0.8880 -0.1280 1.0576
0.5600 -0.8880 -0.1280 1.0576
0.5600 -0.8880 -0.1280 1.0576
0.5600 -0.8880 -0.1280 1.0576
0.5600 -0.8880 -0.1280 1.0576
0.5600 -0.8880 -0.1280 1.0576
0.5600 -0.8880 -0.1280 1.0576
0.5600 -0.8880 -0.1280 1.0576
0.5600 -0.8880 -0.1280 1.0576
0.5600 -0.8880 -0.1280 1.0576
0.5600 -0.8880 -0.1280 1.0576
0.5600 -0.8880 -0.1280 1.0576
0.5600 -0.8880 -0.1280 1.0576
0.5600 -0.8880 -0.1280 1.0576
0.5600 -0.8880 -0.1280 1.0576
0.5600 -0.8880 -0.1280 1.0576
0.5600 -0.8800 -0.1280 1.0509
0.5600 -0.8800 -0.1280 1.0509
0.5600 -0.8800 -0.1280 1.0509
0.5600 -0.8800 -0.1280 1.0509
0.5600 -0.8800 -0.1280 1.0509
0.5600 -0.8800 -0.1280 1.0509
0.5600 -0.8800 -0.1280 1.0509
0.5600 -0.8800 -0.1280 1.0509
0.5600 -0.8800 -0.1280 1.0509
0.5600 -0.8800 -0.1280 1.0509
0.5600 -0.8800 -0.1280 1.0509
0.5600 -0.8800 -0.1280 1.0509
0.5600 -0.8800 -0.1280 1.0509
0.5600 -0.8800 -0.1280 1.0509
0.5600 -0.8800 -0.1280 1.0509
0.5600 -0.8800 -0.1280 1.0509
0.5600 -0.8800 -0.1280 1.0509
0.5600 -0.8800 -0.1280 1.0509
0.5600 -0.8800 -0.1280 1.0509
0.5600 -0.8800 -0.1280 1.0509
0.5600 -0.8800 -0.1280 1.0509
0.5600 -0.8800 -0.1280 1.0509
0.5600 -0.8800 -0.1280 1.0509
0.5600 -0.8800 -0.1280 1.0509
0.5600 -0.8800 -0.1280 1.0509
0.5600 -0.8800 -0.1280 1.0509
0.5600 -0.8800 -0.1280 1.0509
0.5600 -0.8800 -0.1280 1.0509
0.5600 -0.8800 -0.1280 1.0509
0.5600 -0.8800 -0.1280 1.0509
0.5600 -0.8800 -0.1280 1.0509
0.5600 -0.8800 -0.1040 1.0482
0.5280 -0.8720 -0.1040 1.0247
0.5280 -0.8720 -0.1040 1.0247
0.5280 -0.8720 -0.1040 1.0247
0.5280 -0.8720 -0.1040 1.0247
0.5280 -0.8720 -0.1040 1.0247
0.5280 -0.8720 -0.1040 1.0247
0.5280 -0.8720 -0.1040 1.0247
0.5280 -0.8720 -0.1040 1.0247
0.5280 -0.8720 -0.1040 1.0247
0.5280 -0.8720 -0.1040 1.0247
0.5280 -0.8720 -0.1040 1.0247
0.5280 -0.8720 -0.1040 1.0247
0.5280 -0.8720 -0.1040 1.0247
0.5280 -0.8720 -0.1040 1.0247
0.5280 -0.8720 -0.1040 1.0247
0.5280 -0.8720 -0.1040 1.0247
0.5280 -0.8720 -0.1040 1.0247
0.5280 -0.8720 -0.1040 1.0247
0.5280 -0.8720 -0.1040 1.0247
0.5280 -0.8720 -0.1040 1.0247
0.5280 -0.8720 -0.1040 1.0247
0.5280 -0.8720 -0.1040 1.0247
0.5280 -0.8720 -0.1040 1.0247
0.5280 -0.8720 -0.1040 1.0247
0.5280 -0.8720 -0.1040 1.0247
0.5280 -0.8720 -0.1040 1.0247
0.5280 -0.8720 -0.1040 1.0247
0.5280 -0.8720 -0.1040 1.0247
0.5280 -0.8720 -0.1040 1.0247
0.5280 -0.8720 -0.1040 1.0247
0.5280 -0.8720 -0.1040 1.0247
0.5280 -0.8720 -0.1280 1.0274
0.5600 -0.8800 -0.1280 1.0509
0.5600 -0.8800 -0.1280 1.0509
0.5600 -0.8800 -0.1280 1.0509
0.5600 -0.8800 -0.1280 1.0509
0.5600 -0.8800 -0.1280 1.0509
0.5600 -0.8800 -0.1280 1.0509
0.5600 -0.8800 -0.1280 1.0509
0.5600 -0.8800 -0.1280 1.0509
0.5600 -0.8800 -0.1280 1.0509
0.5600 -0.8800 -0.1280 1.0509
0.5600 -0.8800 -0.1280 1.0509
0.5600 -0.8800 -0.1280 1.0509
0.5600 -0.8800 -0.1280 1.0509
0.5600 -0.8800 -0.1280 1.0509
0.5600 -0.8800 -0.1280 1.0509
0.5600 -0.8800 -0.1280 1.0509
0.5600 -0.8800 -0.1280 1.0509
0.5600 -0.8800 -0.1280 1.0509
0.5600 -0.8800 -0.1280 1.0509
0.5600 -0.8800 -0.1280 1.0509
0.5600 -0.8800 -0.1280 1.0509
0.5600 -0.8800 -0.1280 1.0509
0.5600 -0.8800 -0.1280 1.0509
0.5600 -0.8800 -0.1280 1.0509
0.5600 -0.8800 -0.1280 1.0509
0.5600 -0.8800 -0.1280 1.0509
0.5600 -0.8800 -0.1280 1.0509
0.5600 -0.8800 -0.1280 1.0509
0.5600 -0.8800 -0.1280 1.0509
0.5600 -0.8800 -0.1280 1.0509
0.5600 -0.8800 -0.1280 1.0509
0.5600 -0.8800 -0.1280 1.0509
0.5440 -0.8640 -0.0960 1.0255
0.5440 -0.8640 -0.0960 1.0255
0.5440 -0.8640 -0.0960 1.0255
0.5440 -0.8640 -0.0960 1.0255
0.5440 -0.8640 -0.0960 1.0255
0.5440 -0.8640 -0.0960 1.0255
0.5440 -0.8640 -0.0960 1.0255
0.5440 -0.8640 -0.0960 1.0255
0.5440 -0.8640 -0.0960 1.0255
0.5440 -0.8640 -0.0960 1.0255
0.5440 -0.8640 -0.0960 1.0255
0.5440 -0.8640 -0.0960 1.0255
0.5440 -0.8640 -0.0960 1.0255
0.5440 -0.8640 -0.0960 1.0255
0.5440 -0.8640 -0.0960 1.0255
0.5440 -0.8640 -0.0960 1.0255
0.5440 -0.8640 -0.0960 1.0255
0.5440 -0.8640 -0.0960 1.0255
0.5440 -0.8640 -0.0960 1.0255
0.5440 -0.8640 -0.0960 1.0255
0.5440 -0.8640 -0.0960 1.0255
0.5440 -0.8640 -0.0960 1.0255
0.5440 -0.8640 -0.0960 1.0255
0.5440 -0.8640 -0.0960 1.0255
0.5440 -0.8640 -0.0960 1.0255
0.5440 -0.8640 -0.0960 1.0255
0.5440 -0.8640 -0.0960 1.0255
0.5440 -0.8640 -0.0960 1.0255
0.5440 -0.8640 -0.0960 1.0255
0.5440 -0.8640 -0.0960 1.0255
0.5440 -0.8640 -0.0960 1.0255
0.5440 -0.8640 -0.0800 1.0241
0.5360 -0.8880 -0.0800 1.0403
0.5360 -0.8880 -0.0800 1.0403
0.5360 -0.8880 -0.0800 1.0403
0.5360 -0.8880 -0.0800 1.0403
0.5360 -0.8880 -0.0800 1.0403
0.5360 -0.8880 -0.0800 1.0403
0.5360 -0.8880 -0.0800 1.0403
0.5360 -0.8880 -0.0800 1.0403
0.5360 -0.8880 -0.0800 1.0403
0.5360 -0.8880 -0.0800 1.0403
0.5360 -0.8880 -0.0800 1.0403
0.5360 -0.8880 -0.0800 1.0403
0.5360 -0.8880 -0.0800 1.0403
0.5360 -0.8880 -0.0800 1.0403
0.5360 -0.8880 -0.0800 1.0403
0.5360 -0.8880 -0.0800 1.0403
0.5360 -0.8880 -0.0800 1.0403
0.5360 -0.8880 -0.0800 1.0403
0.5360 -0.8880 -0.0800 1.0403
0.5360 -0.8880 -0.0800 1.0403
0.5360 -0.8880 -0.0800 1.0403
0.5360 -0.8880 -0.0800 1.0403
0.5360 -0.8880 -0.0800 1.0403
0.5360 -0.8880 -0.0800 1.0403
0.5360 -0.8880 -0.0800 1.0403
0.5360 -0.8880 -0.0800 1.0403
0.5360 -0.8880 -0.0800 1.0403
0.5360 -0.8880 -0.0800 1.0403
0.5360 -0.8880 -0.0800 1.0403
0.5360 -0.8880 -0.0800 1.0403
0.5360 -0.8880 -0.0800 1.0403
0.5360 -0.8880 -0.0720 1.0397
0.5360 -0.8960 -0.0720 1.0466
0.5360 -0.8960 -0.0720 1.0466
0.5360 -0.8960 -0.0720 1.0466
0.5360 -0.8960 -0.0720 1.0466
0.5360 -0.8960 -0.0720 1.0466
0.5360 -0.8960 -0.0720 1.0466
0.5360 -0.8960 -0.0720 1.0466
0.5360 -0.8960 -0.0720 1.0466
0.5360 -0.8960 -0.0720 1.0466
0.5360 -0.8960 -0.0720 1.0466
0.5360 -0.8960 -0.0720 1.0466
0.5360 -0.8960 -0.0720 1.0466
0.5360 -0.8960 -0.0720 1.0466
0.5360 -0.8960 -0.0720 1.0466
0.5360 -0.8960 -0.0720 1.0466
0.5360 -0.8960 -0.0720 1.0466
0.5360 -0.8960 -0.0720 1.0466
0.5360 -0.8960 -0.0720 1.0466
0.5360 -0.8960 -0.0720 1.0466
0.5360 -0.8960 -0.0720 1.0466
0.5360 -0.8960 -0.0720 1.0466
0.5360 -0.8960 -0.0720 1.0466
0.5360 -0.8960 -0.0720 1.0466
0.5360 -0.8960 -0.0720 1.0466
0.5360 -0.8960 -0.0720 1.0466
0.5360 -0.8960 -0.0720 1.0466
0.5360 -0.8960 -0.0720 1.0466
0.5360 -0.8960 -0.0720 1.0466
0.5360 -0.8960 -0.0720 1.0466
0.5360 -0.8960 -0.0720 1.0466
0.5360 -0.8960 -0.0720 1.0466
0.5360 -0.8960 -0.0800 1.0471
0.5360 -0.8720 -0.1120 1.0297
0.5360 -0.8720 -0.1120 1.0297
0.5360 -0.8720 -0.1120 1.0297
0.5360 -0.8720 -0.1120 1.0297
0.5360 -0.8720 -0.1120 1.0297
0.5360 -0.8720 -0.1120 1.0297
0.5360 -0.8720 -0.1120 1.0297
0.5360 -0.8720 -0.1120 1.0297
0.5360 -0.8720 -0.1120 1.0297
0.5360 -0.8720 -0.1120 1.0297
0.5360 -0.8720 -0.1120 1.0297
0.5360 -0.8720 -0.1120 1.0297
0.5360 -0.8720 -0.1120 1.0297
0.5360 -0.8720 -0.1120 1.0297
0.5360 -0.8720 -0.1120 1.0297
0.5360 -0.8720 -0.1120 1.0297
0.5360 -0.8720 -0.1120 1.0297
0.5360 -0.8720 -0.1120 1.0297
0.5360 -0.8720 -0.1120 1.0297
0.5360 -0.8720 -0.1120 1.0297
0.5360 -0.8720 -0.1120 1.0297
0.5360 -0.8720 -0.1120 1.0297
0.5360 -0.8720 -0.1120 1.0297
0.5360 -0.8720 -0.1120 1.0297
0.5360 -0.8720 -0.1120 1.0297
0.5360 -0.8720 -0.1120 1.0297
0.5360 -0.8720 -0.1120 1.0297
0.5360 -0.8720 -0.1120 1.0297
0.5360 -0.8720 -0.1120 1.0297
0.5360 -0.8720 -0.1120 1.0297
0.5360 -0.8720 -0.1120 1.0297
0.5360 -0.8720 -0.1040 1.0288
0.5280 -0.8720 -0.1040 1.0247
0.5280 -0.8720 -0.1040 1.0247
0.5280 -0.8720 -0.1040 1.0247
0.5280 -0.8720 -0.1040 1.0247
0.5280 -0.8720 -0.1040 1.0247
0.5280 -0.8720 -0.1040 1.0247
0.5280 -0.8720 -0.1040 1.0247
0.5280 -0.8720 -0.1040 1.0247
0.5280 -0.8720 -0.1040 1.0247
0.5280 -0.8720 -0.1040 1.0247
0.5280 -0.8720 -0.1040 1.0247
0.5280 -0.8720 -0.1040 1.0247
0.5280 -0.8720 -0.1040 1.0247
0.5280 -0.8720 -0.1040 1.0247
0.5280 -0.8720 -0.1040 1.0247
0.5280 -0.8720 -0.1040 1.0247
0.5280 -0.8720 -0.1040 1.0247
0.5280 -0.8720 -0.1040 1.0247
0.5280 -0.8720 -0.1040 1.0247
0.5280 -0.8720 -0.1040 1.0247
0.5280 -0.8720 -0.1040 1.0247
0.5280 -0.8720 -0.1040 1.0247
0.5280 -0.8720 -0.1040 1.0247
0.5280 -0.8720 -0.1040 1.0247
0.5280 -0.8720 -0.1040 1.0247
0.5280 -0.8720 -0.1040 1.0247
0.5280 -0.8720 -0.1040 1.0247
0.5280 -0.8720 -0.1040 1.0247
0.5280 -0.8720 -0.1040 1.0247
0.5280 -0.8720 -0.1040 1.0247
0.5280 -0.8720 -0.1040 1.0247
0.5280 -0.8720 -0.1040 1.0247
0.5360 -0.8960 -0.0720 1.0466
0.5360 -0.8960 -0.0720 1.0466
0.5360 -0.8960 -0.0720 1.0466
0.5360 -0.8960 -0.0720 1.0466
0.5360 -0.8960 -0.0720 1.0466
0.5360 -0.8960 -0.0720 1.0466
0.5360 -0.8960 -0.0720 1.0466
0.5360 -0.8960 -0.0720 1.0466
0.5360 -0.8960 -0.0720 1.0466
0.5360 -0.8960 -0.0720 1.0466
0.5360 -0.8960 -0.0720 1.0466
0.5360 -0.8960 -0.0720 1.0466
0.5360 -0.8960 -0.0720 1.0466
0.5360 -0.8960 -0.0720 1.0466
0.5360 -0.8960 -0.0720 1.0466
0.5360 -0.8960 -0.0720 1.0466
0.5360 -0.8960 -0.0720 1.0466
0.5360 -0.8960 -0.0720 1.0466
0.5360 -0.8960 -0.0720 1.0466
0.5360 -0.8960 -0.0720 1.0466
0.5360 -0.8960 -0.0720 1.0466
0.5360 -0.8960 -0.0720 1.0466
0.5360 -0.8960 -0.0720 1.0466
0.5360 -0.8960 -0.0720 1.0466
0.5360 -0.8960 -0.0720 1.0466
0.5360 -0.8960 -0.0720 1.0466
0.5360 -0.8960 -0.0720 1.0466
0.5360 -0.8960 -0.0720 1.0466
0.5360 -0.8960 -0.0720 1.0466
0.5360 -0.8960 -0.0720 1.0466
0.5360 -0.8960 -0.0720 1.0466
0.5360 -0.8960 -0.0800 1.0471
0.5360 -0.8960 -0.0800 1.0471
0.5360 -0.8960 -0.0800 1.0471
0.5360 -0.8960 -0.0800 1.0471
0.5360 -0.8960 -0.0800 1.0471
0.5360 -0.8960 -0.0800 1.0471
0.5360 -0.8960 -0.0800 1.0471
0.5360 -0.8960 -0.0800 1.0471
0.5360 -0.8960 -0.0800 1.0471
0.5360 -0.8960 -0.0800 1.0471
0.5360 -0.8960 -0.0800 1.0471
0.5360 -0.8960 -0.0800 1.0471
0.5360 -0.8960 -0.0800 1.0471
0.5360 -0.8960 -0.0800 1.0471
0.5360 -0.8960 -0.0800 1.0471
0.5360 -0.8960 -0.0800 1.0471
0.5360 -0.8960 -0.0800 1.0471
0.5360 -0.8960 -0.0800 1.0471
0.5360 -0.8960 -0.0800 1.0471
0.5360 -0.8960 -0.0800 1.0471
0.5360 -0.8960 -0.0800 1.0471
0.5360 -0.8960 -0.0800 1.0471
0.5360 -0.8960 -0.0800 1.0471
0.5360 -0.8960 -0.0800 1.0471
0.5360 -0.8960 -0.0800 1.0471
0.5360 -0.8960 -0.0800 1.0471
0.5360 -0.8960 -0.0800 1.0471
0.5360 -0.8960 -0.0800 1.0471
0.5360 -0.8960 -0.0800 1.0471
0.5360 -0.8960 -0.0800 1.0471
0.5360 -0.8960 -0.0800 1.0471
0.5360 -0.8960 -0.0800 1.0471
0.5360 -0.8960 -0.0880 1.0478
0.5360 -0.8720 -0.1200 1.0306
0.5360 -0.8720 -0.1200 1.0306
0.5360 -0.8720 -0.1200 1.0306
0.5360 -0.8720 -0.1200 1.0306
0.5360 -0.8720 -0.1200 1.0306
0.5360 -0.8720 -0.1200 1.0306
0.5360 -0.8720 -0.1200 1.0306
0.5360 -0.8720 -0.1200 1.0306
0.5360 -0.8720 -0.1200 1.0306
0.5360 -0.8720 -0.1200 1.0306
0.5360 -0.8720 -0.1200 1.0306
0.5360 -0.8720 -0.1200 1.0306
0.5360 -0.8720 -0.1200 1.0306
0.5360 -0.8720 -0.1200 1.0306
0.5360 -0.8720 -0.1200 1.0306
0.5360 -0.8720 -0.1200 1.0306
0.5360 -0.8720 -0.1200 1.0306
0.5360 -0.8720 -0.1200 1.0306
0.5360 -0.8720 -0.1200 1.0306
0.5360 -0.8720 -0.1200 1.0306
0.5360 -0.8720 -0.1200 1.0306
0.5360 -0.8720 -0.1200 1.0306
0.5360 -0.8720 -0.1200 1.0306
0.5360 -0.8720 -0.1200 1.0306
0.5360 -0.8720 -0.1200 1.0306
0.5360 -0.8720 -0.1200 1.0306
0.5360 -0.8720 -0.1200 1.0306
0.5360 -0.8720 -0.1200 1.0306
0.5360 -0.8720 -0.1200 1.0306
0.5360 -0.8720 -0.1200 1.0306
0.5360 -0.8720 -0.1200 1.0306
0.5360 -0.8720 -0.1040 1.0288
0.5360 -0.8720 -0.1040 1.0288
0.5360 -0.8720 -0.1040 1.0288
0.5360 -0.8720 -0.1040 1.0288
0.5360 -0.8720 -0.1040 1.0288
0.5360 -0.8720 -0.1040 1.0288
0.5360 -0.8720 -0.1040 1.0288
0.5360 -0.8720 -0.1040 1.0288
0.5360 -0.8720 -0.1040 1.0288
0.5360 -0.8720 -0.1040 1.0288
0.5360 -0.8720 -0.1040 1.0288
0.5360 -0.8720 -0.1040 1.0288
0.5360 -0.8720 -0.1040 1.0288
0.5360 -0.8720 -0.1040 1.0288
0.5360 -0.8720 -0.1040 1.0288
0.5360 -0.8720 -0.1040 1.0288
0.5360 -0.8720 -0.1040 1.0288
0.5360 -0.8720 -0.1040 1.0288
0.5360 -0.8720 -0.1040 1.0288
0.5360 -0.8720 -0.1040 1.0288
0.5360 -0.8720 -0.1040 1.0288
0.5360 -0.8720 -0.1040 1.0288
0.5360 -0.8720 -0.1040 1.0288
0.5360 -0.8720 -0.1040 1.0288
0.5360 -0.8720 -0.1040 1.0288
0.5360 -0.8720 -0.1040 1.0288
0.5360 -0.8720 -0.1040 1.0288
0.5360 -0.8720 -0.1040 1.0288
0.5360 -0.8720 -0.1040 1.0288
0.5360 -0.8720 -0.1040 1.0288
0.5360 -0.8720 -0.1040 1.0288
0.5360 -0.8720 -0.1040 1.0288
0.5360 -0.8720 -0.1040 1.0288
0.5360 -0.8800 -0.1040 1.0356
0.5360 -0.8800 -0.1040 1.0356
0.5360 -0.8800 -0.1040 1.0356
0.5360 -0.8800 -0.1040 1.0356
0.5360 -0.8800 -0.1040 1.0356
0.5360 -0.8800 -0.1040 1.0356
0.5360 -0.8800 -0.1040 1.0356
0.5360 -0.8800 -0.1040 1.0356
0.5360 -0.8800 -0.1040 1.0356
0.5360 -0.8800 -0.1040 1.0356
0.5360 -0.8800 -0.1040 1.0356
0.5360 -0.8800 -0.1040 1.0356
0.5360 -0.8800 -0.1040 1.0356
0.5360 -0.8800 -0.1040 1.0356
0.5360 -0.8800 -0.1040 1.0356
0.5360 -0.8800 -0.1040 1.0356
0.5360 -0.8800 -0.1040 1.0356
0.5360 -0.8800 -0.1040 1.0356
0.5360 -0.8800 -0.1040 1.0356
0.5360 -0.8800 -0.1040 1.0356
0.5360 -0.8800 -0.1040 1.0356
0.5360 -0.8800 -0.1040 1.0356
0.5360 -0.8800 -0.1040 1.0356
0.5360 -0.8800 -0.1040 1.0356
0.5360 -0.8800 -0.1040 1.0356
0.5360 -0.8800 -0.1040 1.0356
0.5360 -0.8800 -0.1040 1.0356
0.5360 -0.8800 -0.1040 1.0356
0.5360 -0.8800 -0.1040 1.0356
0.5360 -0.8800 -0.1040 1.0356
0.5360 -0.8800 -0.1040 1.0356
0.5360 -0.8800 -0.1120 1.0365
0.5360 -0.8720 -0.1120 1.0297
0.5360 -0.8720 -0.1120 1.0297
0.5360 -0.8720 -0.1120 1.0297
0.5360 -0.8720 -0.1120 1.0297
0.5360 -0.8720 -0.1120 1.0297
0.5360 -0.8720 -0.1120 1.0297
0.5360 -0.8720 -0.1120 1.0297
0.5360 -0.8720 -0.1120 1.0297
0.5360 -0.8720 -0.1120 1.0297
0.5360 -0.8720 -0.1120 1.0297
0.5360 -0.8720 -0.1120 1.0297
0.5360 -0.8720 -0.1120 1.0297
0.5360 -0.8720 -0.1120 1.0297
0.5360 -0.8720 -0.1120 1.0297
0.5360 -0.8720 -0.1120 1.0297
0.5360 -0.8720 -0.1120 1.0297
0.5360 -0.8720 -0.1120 1.0297
0.5360 -0.8720 -0.1120 1.0297
0.5360 -0.8720 -0.1120 1.0297
0.5360 -0.8720 -0.1120 1.0297
0.5360 -0.8720 -0.1120 1.0297
0.5360 -0.8720 -0.1120 1.0297
0.5360 -0.8720 -0.1120 1.0297
0.5360 -0.8720 -0.1120 1.0297
0.5360 -0.8720 -0.1120 1.0297
0.5360 -0.8720 -0.1120 1.0297
0.5360 -0.8720 -0.1120 1.0297
0.5360 -0.8720 -0.1120 1.0297
0.5360 -0.8720 -0.1120 1.0297
0.5360 -0.8720 -0.1120 1.0297
0.5360 -0.8720 -0.1120 1.0297
0.5360 -0.8720 -0.1040 1.0288
0.5280 -0.8960 -0.0720 1.0425
0.5280 -0.8960 -0.0720 1.0425
0.5280 -0.8960 -0.0720 1.0425
0.5280 -0.8960 -0.0720 1.0425
0.5280 -0.8960 -0.0720 1.0425
0.5280 -0.8960 -0.0720 1.0425
0.5280 -0.8960 -0.0720 1.0425
0.5280 -0.8960 -0.0720 1.0425
0.5280 -0.8960 -0.0720 1.0425
0.5280 -0.8960 -0.0720 1.0425
0.5280 -0.8960 -0.0720 1.0425
0.5280 -0.8960 -0.0720 1.0425
0.5280 -0.8960 -0.0720 1.0425
0.5280 -0.8960 -0.0720 1.0425
0.5280 -0.8960 -0.0720 1.0425
0.5280 -0.8960 -0.0720 1.0425
0.5280 -0.8960 -0.0720 1.0425
0.5280 -0.8960 -0.0720 1.0425
0.5280 -0.8960 -0.0720 1.0425
0.5280 -0.8960 -0.0720 1.0425
0.5280 -0.8960 -0.0720 1.0425
0.5280 -0.8960 -0.0720 1.0425
0.5280 -0.8960 -0.0720 1.0425
0.5280 -0.8960 -0.0720 1.0425
0.5280 -0.8960 -0.0720 1.0425
0.5280 -0.8960 -0.0720 1.0425
0.5280 -0.8960 -0.0720 1.0425
0.5280 -0.8960 -0.0720 1.0425
0.5280 -0.8960 -0.0720 1.0425
0.5280 -0.8960 -0.0720 1.0425
0.5280 -0.8960 -0.0720 1.0425
0.5280 -0.8960 -0.0880 1.0437
0.5680 -0.8720 -0.1200 1.0476
0.5680 -0.8720 -0.1200 1.0476
0.5680 -0.8720 -0.1200 1.0476
0.5680 -0.8720 -0.1200 1.0476
0.5680 -0.8720 -0.1200 1.0476
0.5680 -0.8720 -0.1200 1.0476
0.5680 -0.8720 -0.1200 1.0476
0.5680 -0.8720 -0.1200 1.0476
0.5680 -0.8720 -0.1200 1.0476
0.5680 -0.8720 -0.1200 1.0476
0.5680 -0.8720 -0.1200 1.0476
0.5680 -0.8720 -0.1200 1.0476
0.5680 -0.8720 -0.1200 1.0476
0.5680 -0.8720 -0.1200 1.0476
0.5680 -0.8720 -0.1200 1.0476
0.5680 -0.8720 -0.1200 1.0476
0.5680 -0.8720 -0.1200 1.0476
0.5680 -0.8720 -0.1200 1.0476
0.5680 -0.8720 -0.1200 1.0476
0.5680 -0.8720 -0.1200 1.0476
0.5680 -0.8720 -0.1200 1.0476
0.5680 -0.8720 -0.1200 1.0476
0.5680 -0.8720 -0.1200 1.0476
0.5680 -0.8720 -0.1200 1.0476
0.5680 -0.8720 -0.1200 1.0476
0.5680 -0.8720 -0.1200 1.0476
0.5680 -0.8720 -0.1200 1.0476
0.5680 -0.8720 -0.1200 1.0476
0.5680 -0.8720 -0.1200 1.0476
0.5680 -0.8720 -0.1200 1.0476
0.5680 -0.8720 -0.1200 1.0476
0.5680 -0.8720 -0.1280 1.0485
0.5680 -0.8960 -0.0960 1.0652
0.5680 -0.8960 -0.0960 1.0652
0.5680 -0.8960 -0.0960 1.0652
0.5680 -0.8960 -0.0960 1.0652
0.5680 -0.8960 -0.0960 1.0652
0.5680 -0.8960 -0.0960 1.0652
0.5680 -0.8960 -0.0960 1.0652
0.5680 -0.8960 -0.0960 1.0652
0.5680 -0.8960 -0.0960 1.0652
0.5680 -0.8960 -0.0960 1.0652
0.5680 -0.8960 -0.0960 1.0652
0.5680 -0.8960 -0.0960 1.0652
0.5680 -0.8960 -0.0960 1.0652
0.5680 -0.8960 -0.0960 1.0652
0.5680 -0.8960 -0.0960 1.0652
0.5680 -0.8960 -0.0960 1.0652
0.5680 -0.8960 -0.0960 1.0652
0.5680 -0.8960 -0.0960 1.0652
0.5680 -0.8960 -0.0960 1.0652
0.5680 -0.8960 -0.0960 1.0652
0.5680 -0.8960 -0.0960 1.0652
0.5680 -0.8960 -0.0960 1.0652
0.5680 -0.8960 -0.0960 1.0652
0.5680 -0.8960 -0.0960 1.0652
0.5680 -0.8960 -0.0960 1.0652
0.5680 -0.8960 -0.0960 1.0652
0.5680 -0.8960 -0.0960 1.0652
0.5680 -0.8960 -0.0960 1.0652
0.5680 -0.8960 -0.0960 1.0652
0.5680 -0.8960 -0.0960 1.0652
0.5680 -0.8960 -0.0960 1.0652
0.5680 -0.8960 -0.0960 1.0652
0.5680 -0.8720 -0.1280 1.0485
0.5680 -0.8720 -0.1280 1.0485
0.5680 -0.8720 -0.1280 1.0485
0.5680 -0.8720 -0.1280 1.0485
0.5680 -0.8720 -0.1280 1.0485
0.5680 -0.8720 -0.1280 1.0485
0.5680 -0.8720 -0.1280 1.0485
0.5680 -0.8720 -0.1280 1.0485
0.5680 -0.8720 -0.1280 1.0485
0.5680 -0.8720 -0.1280 1.0485
0.5680 -0.8720 -0.1280 1.0485
0.5680 -0.8720 -0.1280 1.0485
0.5680 -0.8720 -0.1280 1.0485
0.5680 -0.8720 -0.1280 1.0485
0.5680 -0.8720 -0.1280 1.0485
0.5680 -0.8720 -0.1280 1.0485
0.5680 -0.8720 -0.1280 1.0485
0.5680 -0.8720 -0.1280 1.0485
0.5680 -0.8720 -0.1280 1.0485
0.5680 -0.8720 -0.1280 1.0485
0.5680 -0.8720 -0.1280 1.0485
0.5680 -0.8720 -0.1280 1.0485
0.5680 -0.8720 -0.1280 1.0485
0.5680 -0.8720 -0.1280 1.0485
0.5680 -0.8720 -0.1280 1.0485
0.5680 -0.8720 -0.1280 1.0485
0.5680 -0.8720 -0.1280 1.0485
0.5680 -0.8720 -0.1280 1.0485
0.5680 -0.8720 -0.1280 1.0485
0.5680 -0.8720 -0.1280 1.0485
0.5680 -0.8720 -0.1280 1.0485
0.5680 -0.8720 -0.1280 1.0485
0.5600 -0.8720 -0.1280 1.0442
0.5600 -0.8720 -0.1280 1.0442
0.5600 -0.8720 -0.1280 1.0442
0.5600 -0.8720 -0.1280 1.0442
0.5600 -0.8720 -0.1280 1.0442
0.5600 -0.8720 -0.1280 1.0442
0.5600 -0.8720 -0.1280 1.0442
0.5600 -0.8720 -0.1280 1.0442
0.5600 -0.8720 -0.1280 1.0442
0.5600 -0.8720 -0.1280 1.0442
0.5600 -0.8720 -0.1280 1.0442
0.5600 -0.8720 -0.1280 1.0442
0.5600 -0.8720 -0.1280 1.0442
0.5600 -0.8720 -0.1280 1.0442
0.5600 -0.8720 -0.1280 1.0442
0.5600 -0.8720 -0.1280 1.0442
0.5600 -0.8720 -0.1280 1.0442
0.5600 -0.8720 -0.1280 1.0442
0.5600 -0.8720 -0.1280 1.0442
0.5600 -0.8720 -0.1280 1.0442
0.5600 -0.8720 -0.1280 1.0442
0.5600 -0.8720 -0.1280 1.0442
0.5600 -0.8720 -0.1280 1.0442
0.5600 -0.8720 -0.1280 1.0442
0.5600 -0.8720 -0.1280 1.0442
0.5600 -0.8720 -0.1280 1.0442
0.5600 -0.8720 -0.1280 1.0442
0.5600 -0.8720 -0.1280 1.0442
0.5600 -0.8720 -0.1280 1.0442
0.5600 -0.8720 -0.1280 1.0442
0.5600 -0.8720 -0.1280 1.0442
0.5600 -0.8720 -0.1200 1.0433
0.5600 -0.8800 -0.0880 1.0468
0.5600 -0.8800 -0.0880 1.0468
0.5600 -0.8800 -0.0880 1.0468
0.5600 -0.8800 -0.0880 1.0468
0.5600 -0.8800 -0.0880 1.0468
0.5600 -0.8800 -0.0880 1.0468
0.5600 -0.8800 -0.0880 1.0468
0.5600 -0.8800 -0.0880 1.0468
0.5600 -0.8800 -0.0880 1.0468
0.5600 -0.8800 -0.0880 1.0468
0.5600 -0.8800 -0.0880 1.0468
0.5600 -0.8800 -0.0880 1.0468
0.5600 -0.8800 -0.0880 1.0468
0.5600 -0.8800 -0.0880 1.0468
0.5600 -0.8800 -0.0880 1.0468
0.5600 -0.8800 -0.0880 1.0468
0.5600 -0.8800 -0.0880 1.0468
0.5600 -0.8800 -0.0880 1.0468
0.5600 -0.8800 -0.0880 1.0468
0.5600 -0.8800 -0.0880 1.0468
0.5600 -0.8800 -0.0880 1.0468
0.5600 -0.8800 -0.0880 1.0468
0.5600 -0.8800 -0.0880 1.0468
0.5600 -0.8800 -0.0880 1.0468
0.5600 -0.8800 -0.0880 1.0468
0.5600 -0.8800 -0.0880 1.0468
0.5600 -0.8800 -0.0880 1.0468
0.5600 -0.8800 -0.0880 1.0468
0.5600 -0.8800 -0.0880 1.0468
0.5600 -0.8800 -0.0880 1.0468
0.5600 -0.8800 -0.0880 1.0468
0.5600 -0.8800 -0.0960 1.0475
0.5520 -0.8720 -0.0960 1.0365
0.5520 -0.8720 -0.0960 1.0365
0.5520 -0.8720 -0.0960 1.0365
0.5520 -0.8720 -0.0960 1.0365
0.5520 -0.8720 -0.0960 1.0365
0.5520 -0.8720 -0.0960 1.0365
0.5520 -0.8720 -0.0960 1.0365
0.5520 -0.8720 -0.0960 1.0365
0.5520 -0.8720 -0.0960 1.0365
0.5520 -0.8720 -0.0960 1.0365
0.5520 -0.8720 -0.0960 1.0365
0.5520 -0.8720 -0.0960 1.0365
0.5520 -0.8720 -0.0960 1.0365
0.5520 -0.8720 -0.0960 1.0365
0.5520 -0.8720 -0.0960 1.0365
0.5520 -0.8720 -0.0960 1.0365
0.5520 -0.8720 -0.0960 1.0365
0.5520 -0.8720 -0.0960 1.0365
0.5520 -0.8720 -0.0960 1.0365
0.5520 -0.8720 -0.0960 1.0365
0.5520 -0.8720 -0.0960 1.0365
0.5520 -0.8720 -0.0960 1.0365
0.5520 -0.8720 -0.0960 1.0365
0.5520 -0.8720 -0.0960 1.0365
0.5520 -0.8720 -0.0960 1.0365
0.5520 -0.8720 -0.0960 1.0365
0.5520 -0.8720 -0.0960 1.0365
0.5520 -0.8720 -0.0960 1.0365
0.5520 -0.8720 -0.0960 1.0365
0.5520 -0.8720 -0.0960 1.0365
0.5520 -0.8720 -0.0960 1.0365
