0.5520 -0.8800 -0.0760 1.0416
0.5480 -0.8800 -0.0760 1.0395
0.5480 -0.8800 -0.0760 1.0395
0.5480 -0.8800 -0.0760 1.0395
0.5480 -0.8800 -0.0760 1.0395
0.5480 -0.8800 -0.0760 1.0395
0.5480 -0.8800 -0.0760 1.0395
0.5480 -0.8800 -0.0760 1.0395
0.5480 -0.8800 -0.0760 1.0395
0.5480 -0.8800 -0.0760 1.0395
0.5480 -0.8800 -0.0760 1.0395
0.5480 -0.8800 -0.0760 1.0395
0.5640 -0.8760 -0.1080 1.0474
0.5640 -0.8760 -0.1080 1.0474
0.5640 -0.8760 -0.1080 1.0474
0.5640 -0.8760 -0.1080 1.0474
0.5640 -0.8760 -0.1080 1.0474
0.5640 -0.8760 -0.1080 1.0474
0.5640 -0.8760 -0.1080 1.0474
0.5640 -0.8760 -0.1080 1.0474
0.5640 -0.8760 -0.1080 1.0474
0.5640 -0.8760 -0.1080 1.0474
0.5640 -0.8760 -0.1080 1.0474
0.5640 -0.8760 -0.1080 1.0474
0.5640 -0.8760 -0.1080 1.0474
0.5640 -0.8760 -0.1080 1.0474
0.5640 -0.8760 -0.1080 1.0474
0.5640 -0.8760 -0.1080 1.0474
0.5640 -0.8760 -0.1080 1.0474
0.5640 -0.8760 -0.1080 1.0474
0.5640 -0.8760 -0.1080 1.0474
0.5640 -0.8760 -0.1080 1.0474
0.5640 -0.8760 -0.1040 1.0470
0.5480 -0.8800 -0.0880 1.0404
0.5480 -0.8800 -0.0880 1.0404
0.5480 -0.8800 -0.0880 1.0404
0.5480 -0.8800 -0.0880 1.0404
0.5480 -0.8800 -0.0880 1.0404
0.5480 -0.8800 -0.0880 1.0404
0.5480 -0.8800 -0.0880 1.0404
0.5480 -0.8800 -0.0880 1.0404
0.5480 -0.8800 -0.0880 1.0404
0.5480 -0.8800 -0.0880 1.0404
0.5480 -0.8800 -0.0880 1.0404
0.5480 -0.8800 -0.0880 1.0404
0.5480 -0.8800 -0.0880 1.0404
0.5480 -0.8800 -0.0880 1.0404
0.5480 -0.8800 -0.0880 1.0404
0.5480 -0.8800 -0.0880 1.0404
0.5480 -0.8800 -0.0880 1.0404
0.5480 -0.8800 -0.0880 1.0404
0.5480 -0.8800 -0.0880 1.0404
0.5480 -0.8800 -0.0880 1.0404
0.5480 -0.8800 -0.0880 1.0404
0.5480 -0.8800 -0.0880 1.0404
0.5480 -0.8800 -0.0880 1.0404
0.5480 -0.8800 -0.0880 1.0404
0.5480 -0.8800 -0.0880 1.0404
0.5480 -0.8800 -0.0880 1.0404
0.5480 -0.8800 -0.0880 1.0404
0.5480 -0.8800 -0.0880 1.0404
0.5480 -0.8800 -0.0880 1.0404
0.5480 -0.8800 -0.0880 1.0404
0.5480 -0.8800 -0.0880 1.0404
0.5480 -0.8800 -0.0840 1.0401
0.5360 -0.8680 -0.1160 1.0267
0.5360 -0.8680 -0.1160 1.0267
0.5360 -0.8680 -0.1160 1.0267
0.5360 -0.8680 -0.1160 1.0267
0.5360 -0.8680 -0.1160 1.0267
0.5360 -0.8680 -0.1160 1.0267
0.5360 -0.8680 -0.1160 1.0267
0.5360 -0.8680 -0.1160 1.0267
0.5360 -0.8680 -0.1160 1.0267
0.5360 -0.8680 -0.1160 1.0267
0.5360 -0.8680 -0.1160 1.0267
0.5360 -0.8680 -0.1160 1.0267
0.5360 -0.8680 -0.1160 1.0267
0.5360 -0.8680 -0.1160 1.0267
0.5360 -0.8680 -0.1160 1.0267
0.5360 -0.8680 -0.1160 1.0267
0.5360 -0.8680 -0.1160 1.0267
0.5360 -0.8680 -0.1160 1.0267
0.5360 -0.8680 -0.1160 1.0267
0.5360 -0.8680 -0.1160 1.0267
0.5360 -0.8680 -0.1160 1.0267
0.5360 -0.8680 -0.1160 1.0267
0.5360 -0.8680 -0.1160 1.0267
0.5360 -0.8680 -0.1160 1.0267
0.5360 -0.8680 -0.1160 1.0267
0.5360 -0.8680 -0.1160 1.0267
0.5360 -0.8680 -0.1160 1.0267
0.5360 -0.8680 -0.1160 1.0267
0.5360 -0.8680 -0.1160 1.0267
0.5360 -0.8680 -0.1160 1.0267
0.5360 -0.8680 -0.1160 1.0267
0.5360 -0.8680 -0.1200 1.0272
0.5400 -0.8880 -0.1040 1.0445
0.5400 -0.8880 -0.1040 1.0445
0.5400 -0.8880 -0.1040 1.0445
0.5400 -0.8880 -0.1040 1.0445
0.5400 -0.8880 -0.1040 1.0445
0.5400 -0.8880 -0.1040 1.0445
0.5400 -0.8880 -0.1040 1.0445
0.5400 -0.8880 -0.1040 1.0445
0.5400 -0.8880 -0.1040 1.0445
0.5400 -0.8880 -0.1040 1.0445
0.5400 -0.8880 -0.1040 1.0445
0.5400 -0.8880 -0.1040 1.0445
0.5400 -0.8880 -0.1040 1.0445
0.5400 -0.8880 -0.1040 1.0445
0.5400 -0.8880 -0.1040 1.0445
0.5400 -0.8880 -0.1040 1.0445
0.5400 -0.8880 -0.1040 1.0445
0.5400 -0.8880 -0.1040 1.0445
0.5400 -0.8880 -0.1040 1.0445
0.5400 -0.8880 -0.1040 1.0445
0.5400 -0.8880 -0.1040 1.0445
0.5400 -0.8880 -0.1040 1.0445
0.5400 -0.8880 -0.1040 1.0445
0.5400 -0.8880 -0.1040 1.0445
0.5400 -0.8880 -0.1040 1.0445
0.5400 -0.8880 -0.1040 1.0445
0.5400 -0.8880 -0.1040 1.0445
0.5400 -0.8880 -0.1040 1.0445
0.5400 -0.8880 -0.1040 1.0445
0.5400 -0.8880 -0.1040 1.0445
0.5400 -0.8880 -0.1040 1.0445
0.5400 -0.8880 -0.1120 1.0453
0.5440 -0.8720 -0.1120 1.0339
0.5440 -0.8720 -0.1120 1.0339
0.5440 -0.8720 -0.1120 1.0339
0.5440 -0.8720 -0.1120 1.0339
0.5440 -0.8720 -0.1120 1.0339
0.5440 -0.8720 -0.1120 1.0339
0.5440 -0.8720 -0.1120 1.0339
0.5440 -0.8720 -0.1120 1.0339
0.5440 -0.8720 -0.1120 1.0339
0.5440 -0.8720 -0.1120 1.0339
0.5440 -0.8720 -0.1120 1.0339
0.5440 -0.8720 -0.1120 1.0339
0.5440 -0.8720 -0.1120 1.0339
0.5440 -0.8720 -0.1120 1.0339
0.5440 -0.8720 -0.1120 1.0339
0.5440 -0.8720 -0.1120 1.0339
0.5440 -0.8720 -0.1120 1.0339
0.5440 -0.8720 -0.1120 1.0339
0.5440 -0.8720 -0.1120 1.0339
0.5440 -0.8720 -0.1120 1.0339
0.5440 -0.8720 -0.1120 1.0339
0.5440 -0.8720 -0.1120 1.0339
0.5440 -0.8720 -0.1120 1.0339
0.5440 -0.8720 -0.1120 1.0339
0.5440 -0.8720 -0.1120 1.0339
0.5440 -0.8720 -0.1120 1.0339
0.5440 -0.8720 -0.1120 1.0339
0.5440 -0.8720 -0.1120 1.0339
0.5440 -0.8720 -0.1120 1.0339
0.5440 -0.8720 -0.1120 1.0339
0.5440 -0.8720 -0.1120 1.0339
0.5440 -0.8720 -0.1080 1.0334
0.5440 -0.8720 -0.1080 1.0334
0.5440 -0.8720 -0.1080 1.0334
0.5440 -0.8720 -0.1080 1.0334
0.5440 -0.8720 -0.1080 1.0334
0.5440 -0.8720 -0.1080 1.0334
0.5440 -0.8720 -0.1080 1.0334
0.5440 -0.8720 -0.1080 1.0334
0.5440 -0.8720 -0.1080 1.0334
0.5440 -0.8720 -0.1080 1.0334
0.5440 -0.8720 -0.1080 1.0334
0.5440 -0.8720 -0.1080 1.0334
0.5440 -0.8720 -0.1080 1.0334
0.5440 -0.8720 -0.1080 1.0334
0.5440 -0.8720 -0.1080 1.0334
0.5440 -0.8720 -0.1080 1.0334
0.5440 -0.8720 -0.1080 1.0334
0.5440 -0.8720 -0.1080 1.0334
0.5440 -0.8720 -0.1080 1.0334
0.5440 -0.8720 -0.1080 1.0334
0.5440 -0.8720 -0.1080 1.0334
0.5440 -0.8720 -0.1080 1.0334
0.5440 -0.8720 -0.1080 1.0334
0.5440 -0.8720 -0.1080 1.0334
0.5440 -0.8720 -0.1080 1.0334
0.5440 -0.8720 -0.1080 1.0334
0.5440 -0.8720 -0.1080 1.0334
0.5440 -0.8720 -0.1080 1.0334
0.5440 -0.8720 -0.1080 1.0334
0.5440 -0.8720 -0.1080 1.0334
0.5440 -0.8720 -0.1080 1.0334
0.5440 -0.8720 -0.1080 1.0334
0.5440 -0.8720 -0.1080 1.0334
0.5440 -0.8680 -0.1080 1.0301
0.5440 -0.8680 -0.1080 1.0301
0.5440 -0.8680 -0.1080 1.0301
0.5440 -0.8680 -0.1080 1.0301
0.5440 -0.8680 -0.1080 1.0301
0.5440 -0.8680 -0.1080 1.0301
0.5440 -0.8680 -0.1080 1.0301
0.5440 -0.8680 -0.1080 1.0301
0.5440 -0.8680 -0.1080 1.0301
0.5440 -0.8680 -0.1080 1.0301
0.5440 -0.8680 -0.1080 1.0301
0.5440 -0.8680 -0.1080 1.0301
0.5440 -0.8680 -0.1080 1.0301
0.5440 -0.8680 -0.1080 1.0301
0.5440 -0.8680 -0.1080 1.0301
0.5440 -0.8680 -0.1080 1.0301
0.5440 -0.8680 -0.1080 1.0301
0.5440 -0.8680 -0.1080 1.0301
0.5440 -0.8680 -0.1080 1.0301
0.5440 -0.8680 -0.1080 1.0301
0.5440 -0.8680 -0.1080 1.0301
0.5440 -0.8680 -0.1080 1.0301
0.5440 -0.8680 -0.1080 1.0301
0.5440 -0.8680 -0.1080 1.0301
0.5440 -0.8680 -0.1080 1.0301
0.5440 -0.8680 -0.1080 1.0301
0.5440 -0.8680 -0.1080 1.0301
0.5440 -0.8680 -0.1080 1.0301
0.5440 -0.8680 -0.1080 1.0301
0.5440 -0.8680 -0.1080 1.0301
0.5440 -0.8680 -0.1080 1.0301
0.5440 -0.8680 -0.1080 1.0301
0.5440 -0.8680 -0.1080 1.0301
0.5440 -0.8680 -0.1080 1.0301
0.5440 -0.8680 -0.1080 1.0301
0.5440 -0.8680 -0.1080 1.0301
0.5440 -0.8680 -0.1080 1.0301
0.5440 -0.8680 -0.1080 1.0301
0.5440 -0.8680 -0.1080 1.0301
0.5440 -0.8680 -0.1080 1.0301
0.5440 -0.8680 -0.1080 1.0301
0.5440 -0.8680 -0.1080 1.0301
0.5440 -0.8680 -0.1080 1.0301
0.5440 -0.8680 -0.1080 1.0301
0.5440 -0.8680 -0.1080 1.0301
0.5440 -0.8680 -0.1080 1.0301
0.5440 -0.8680 -0.1080 1.0301
0.5440 -0.8680 -0.1080 1.0301
0.5440 -0.8680 -0.1080 1.0301
0.5440 -0.8680 -0.1080 1.0301
0.5440 -0.8680 -0.1080 1.0301
0.5440 -0.8680 -0.1080 1.0301
0.5440 -0.8680 -0.1080 1.0301
0.5440 -0.8680 -0.1080 1.0301
0.5440 -0.8680 -0.1080 1.0301
0.5440 -0.8680 -0.1080 1.0301
0.5440 -0.8680 -0.1080 1.0301
0.5440 -0.8680 -0.1080 1.0301
0.5440 -0.8680 -0.1080 1.0301
0.5440 -0.8680 -0.1080 1.0301
0.5440 -0.8680 -0.1080 1.0301
0.5440 -0.8680 -0.1080 1.0301
0.5440 -0.8680 -0.1080 1.0301
0.5440 -0.8680 -0.1000 1.0293
0.5280 -0.8560 -0.1000 1.0107
0.5280 -0.8560 -0.1000 1.0107
0.5280 -0.8560 -0.1000 1.0107
0.5280 -0.8560 -0.1000 1.0107
0.5280 -0.8560 -0.1000 1.0107
0.5280 -0.8560 -0.1000 1.0107
0.5280 -0.8560 -0.1000 1.0107
0.5280 -0.8560 -0.1000 1.0107
0.5280 -0.8560 -0.1000 1.0107
0.5280 -0.8560 -0.1000 1.0107
0.5280 -0.8560 -0.1000 1.0107
0.5280 -0.8560 -0.1000 1.0107
0.5280 -0.8560 -0.1000 1.0107
0.5280 -0.8560 -0.1000 1.0107
0.5280 -0.8560 -0.1000 1.0107
0.5280 -0.8560 -0.1000 1.0107
0.5280 -0.8560 -0.1000 1.0107
0.5280 -0.8560 -0.1000 1.0107
0.5280 -0.8560 -0.1000 1.0107
0.5280 -0.8560 -0.1000 1.0107
0.5280 -0.8560 -0.1000 1.0107
0.5280 -0.8560 -0.1000 1.0107
0.5280 -0.8560 -0.1000 1.0107
0.5280 -0.8560 -0.1000 1.0107
0.5280 -0.8560 -0.1000 1.0107
0.5280 -0.8560 -0.1000 1.0107
0.5280 -0.8560 -0.1000 1.0107
0.5280 -0.8560 -0.1000 1.0107
0.5280 -0.8560 -0.1000 1.0107
0.5280 -0.8560 -0.1000 1.0107
0.5280 -0.8560 -0.1000 1.0107
0.5280 -0.8560 -0.1000 1.0107
0.5280 -0.8520 -0.1160 1.0090
0.5280 -0.8520 -0.1160 1.0090
0.5280 -0.8520 -0.1160 1.0090
0.5280 -0.8520 -0.1160 1.0090
0.5280 -0.8520 -0.1160 1.0090
0.5280 -0.8520 -0.1160 1.0090
0.5280 -0.8520 -0.1160 1.0090
0.5280 -0.8520 -0.1160 1.0090
0.5280 -0.8520 -0.1160 1.0090
0.5280 -0.8520 -0.1160 1.0090
0.5280 -0.8520 -0.1160 1.0090
0.5280 -0.8520 -0.1160 1.0090
0.5280 -0.8520 -0.1160 1.0090
0.5280 -0.8520 -0.1160 1.0090
0.5280 -0.8520 -0.1160 1.0090
0.5280 -0.8520 -0.1160 1.0090
0.5280 -0.8520 -0.1160 1.0090
0.5280 -0.8520 -0.1160 1.0090
0.5280 -0.8520 -0.1160 1.0090
0.5280 -0.8520 -0.1160 1.0090
0.5280 -0.8520 -0.1160 1.0090
0.5280 -0.8520 -0.1160 1.0090
0.5280 -0.8520 -0.1160 1.0090
0.5280 -0.8520 -0.1160 1.0090
0.5280 -0.8520 -0.1160 1.0090
0.5280 -0.8520 -0.1160 1.0090
0.5280 -0.8520 -0.1160 1.0090
0.5280 -0.8520 -0.1160 1.0090
0.5280 -0.8520 -0.1160 1.0090
0.5280 -0.8520 -0.1160 1.0090
0.5280 -0.8520 -0.1160 1.0090
0.5280 -0.8520 -0.1160 1.0090
0.5360 -0.8720 -0.1000 1.0284
0.5360 -0.8720 -0.1000 1.0284
0.5360 -0.8720 -0.1000 1.0284
0.5360 -0.8720 -0.1000 1.0284
0.5360 -0.8720 -0.1000 1.0284
0.5360 -0.8720 -0.1000 1.0284
0.5360 -0.8720 -0.1000 1.0284
0.5360 -0.8720 -0.1000 1.0284
0.5360 -0.8720 -0.1000 1.0284
0.5360 -0.8720 -0.1000 1.0284
0.5360 -0.8720 -0.1000 1.0284
0.5360 -0.8720 -0.1000 1.0284
0.5360 -0.8720 -0.1000 1.0284
0.5360 -0.8720 -0.1000 1.0284
0.5360 -0.8720 -0.1000 1.0284
0.5360 -0.8720 -0.1000 1.0284
0.5360 -0.8720 -0.1000 1.0284
0.5360 -0.8720 -0.1000 1.0284
0.5360 -0.8720 -0.1000 1.0284
0.5360 -0.8720 -0.1000 1.0284
0.5360 -0.8720 -0.1000 1.0284
0.5360 -0.8720 -0.1000 1.0284
0.5360 -0.8720 -0.1000 1.0284
0.5360 -0.8720 -0.1000 1.0284
0.5360 -0.8720 -0.1000 1.0284
0.5360 -0.8720 -0.1000 1.0284
0.5360 -0.8720 -0.1000 1.0284
0.5360 -0.8720 -0.1000 1.0284
0.5360 -0.8720 -0.1000 1.0284
0.5360 -0.8720 -0.1000 1.0284
0.5360 -0.8720 -0.1000 1.0284
0.5360 -0.8720 -0.1120 1.0297
0.5520 -0.8680 -0.1120 1.0347
0.5520 -0.8680 -0.1120 1.0347
0.5520 -0.8680 -0.1120 1.0347
0.5520 -0.8680 -0.1120 1.0347
0.5520 -0.8680 -0.1120 1.0347
0.5520 -0.8680 -0.1120 1.0347
0.5520 -0.8680 -0.1120 1.0347
0.5520 -0.8680 -0.1120 1.0347
0.5520 -0.8680 -0.1120 1.0347
0.5520 -0.8680 -0.1120 1.0347
0.5520 -0.8680 -0.1120 1.0347
0.5520 -0.8680 -0.1120 1.0347
0.5520 -0.8680 -0.1120 1.0347
0.5520 -0.8680 -0.1120 1.0347
0.5520 -0.8680 -0.1120 1.0347
0.5520 -0.8680 -0.1120 1.0347
0.5520 -0.8680 -0.1120 1.0347
0.5520 -0.8680 -0.1120 1.0347
0.5520 -0.8680 -0.1120 1.0347
0.5520 -0.8680 -0.1120 1.0347
0.5520 -0.8680 -0.1120 1.0347
0.5520 -0.8680 -0.1120 1.0347
0.5520 -0.8680 -0.1120 1.0347
0.5520 -0.8680 -0.1120 1.0347
0.5520 -0.8680 -0.1120 1.0347
0.5520 -0.8680 -0.1120 1.0347
0.5520 -0.8680 -0.1120 1.0347
0.5520 -0.8680 -0.1120 1.0347
0.5520 -0.8680 -0.1120 1.0347
0.5520 -0.8680 -0.1120 1.0347
0.5520 -0.8680 -0.1120 1.0347
0.5520 -0.8680 -0.1120 1.0347
0.5520 -0.8800 -0.0960 1.0432
0.5520 -0.8800 -0.0960 1.0432
0.5520 -0.8800 -0.0960 1.0432
0.5520 -0.8800 -0.0960 1.0432
0.5520 -0.8800 -0.0960 1.0432
0.5520 -0.8800 -0.0960 1.0432
0.5520 -0.8800 -0.0960 1.0432
0.5520 -0.8800 -0.0960 1.0432
0.5520 -0.8800 -0.0960 1.0432
0.5520 -0.8800 -0.0960 1.0432
0.5520 -0.8800 -0.0960 1.0432
0.5520 -0.8800 -0.0960 1.0432
0.5520 -0.8800 -0.0960 1.0432
0.5520 -0.8800 -0.0960 1.0432
0.5520 -0.8800 -0.0960 1.0432
0.5520 -0.8800 -0.0960 1.0432
0.5520 -0.8800 -0.0960 1.0432
0.5520 -0.8800 -0.0960 1.0432
0.5520 -0.8800 -0.0960 1.0432
0.5520 -0.8800 -0.0960 1.0432
0.5520 -0.8800 -0.0960 1.0432
0.5520 -0.8800 -0.0960 1.0432
0.5520 -0.8800 -0.0960 1.0432
0.5520 -0.8800 -0.0960 1.0432
0.5520 -0.8800 -0.0960 1.0432
0.5520 -0.8800 -0.0960 1.0432
0.5520 -0.8800 -0.0960 1.0432
0.5520 -0.8800 -0.0960 1.0432
0.5520 -0.8800 -0.0960 1.0432
0.5520 -0.8800 -0.0960 1.0432
0.5520 -0.8800 -0.0960 1.0432
0.5520 -0.8800 -0.0960 1.0432
0.5520 -0.8800 -0.0960 1.0432
0.5520 -0.8800 -0.0960 1.0432
0.5520 -0.8800 -0.0960 1.0432
0.5520 -0.8800 -0.0960 1.0432
0.5520 -0.8800 -0.0960 1.0432
0.5520 -0.8800 -0.0960 1.0432
0.5520 -0.8800 -0.0960 1.0432
0.5520 -0.8800 -0.0960 1.0432
0.5520 -0.8800 -0.0960 1.0432
0.5520 -0.8800 -0.0960 1.0432
0.5520 -0.8800 -0.0960 1.0432
0.5520 -0.8800 -0.0960 1.0432
0.5520 -0.8800 -0.0960 1.0432
0.5520 -0.8800 -0.0960 1.0432
0.5520 -0.8800 -0.0960 1.0432
0.5520 -0.8800 -0.0960 1.0432
0.5520 -0.8800 -0.0960 1.0432
0.5520 -0.8800 -0.0960 1.0432
0.5520 -0.8800 -0.0960 1.0432
0.5520 -0.8800 -0.0960 1.0432
0.5520 -0.8800 -0.0960 1.0432
0.5520 -0.8800 -0.0960 1.0432
0.5520 -0.8800 -0.0960 1.0432
0.5520 -0.8800 -0.0960 1.0432
0.5520 -0.8800 -0.0960 1.0432
0.5520 -0.8800 -0.0960 1.0432
0.5520 -0.8800 -0.0960 1.0432
0.5520 -0.8800 -0.0960 1.0432
0.5520 -0.8800 -0.0960 1.0432
0.5520 -0.8800 -0.0960 1.0432
0.5520 -0.8800 -0.0960 1.0432
0.5520 -0.8800 -0.0920 1.0429
0.5560 -0.8760 -0.0760 1.0403
0.5560 -0.8760 -0.0760 1.0403
0.5560 -0.8760 -0.0760 1.0403
0.5560 -0.8760 -0.0760 1.0403
0.5560 -0.8760 -0.0760 1.0403
0.5560 -0.8760 -0.0760 1.0403
0.5560 -0.8760 -0.0760 1.0403
0.5560 -0.8760 -0.0760 1.0403
0.5560 -0.8760 -0.0760 1.0403
0.5560 -0.8760 -0.0760 1.0403
0.5560 -0.8760 -0.0760 1.0403
0.5560 -0.8760 -0.0760 1.0403
0.5560 -0.8760 -0.0760 1.0403
0.5560 -0.8760 -0.0760 1.0403
0.5560 -0.8760 -0.0760 1.0403
0.5560 -0.8760 -0.0760 1.0403
0.5560 -0.8760 -0.0760 1.0403
0.5560 -0.8760 -0.0760 1.0403
0.5560 -0.8760 -0.0760 1.0403
0.5560 -0.8760 -0.0760 1.0403
0.5560 -0.8760 -0.0760 1.0403
0.5560 -0.8760 -0.0760 1.0403
0.5560 -0.8760 -0.0760 1.0403
0.5560 -0.8760 -0.0760 1.0403
0.5560 -0.8760 -0.0760 1.0403
0.5560 -0.8760 -0.0760 1.0403
0.5560 -0.8760 -0.0760 1.0403
0.5560 -0.8760 -0.0760 1.0403
0.5560 -0.8760 -0.0760 1.0403
0.5560 -0.8760 -0.0760 1.0403
0.5560 -0.8760 -0.0760 1.0403
0.5560 -0.8760 -0.0680 1.0398
0.5320 -0.8800 -0.0680 1.0306
0.5320 -0.8800 -0.0680 1.0306
0.5320 -0.8800 -0.0680 1.0306
0.5320 -0.8800 -0.0680 1.0306
0.5320 -0.8800 -0.0680 1.0306
0.5320 -0.8800 -0.0680 1.0306
0.5320 -0.8800 -0.0680 1.0306
0.5320 -0.8800 -0.0680 1.0306
0.5320 -0.8800 -0.0680 1.0306
0.5320 -0.8800 -0.0680 1.0306
0.5320 -0.8800 -0.0680 1.0306
0.5320 -0.8800 -0.0680 1.0306
0.5320 -0.8800 -0.0680 1.0306
0.5320 -0.8800 -0.0680 1.0306
0.5320 -0.8800 -0.0680 1.0306
0.5320 -0.8800 -0.0680 1.0306
0.5320 -0.8800 -0.0680 1.0306
0.5320 -0.8800 -0.0680 1.0306
0.5320 -0.8800 -0.0680 1.0306
0.5320 -0.8800 -0.0680 1.0306
0.5320 -0.8800 -0.0680 1.0306
0.5320 -0.8800 -0.0680 1.0306
0.5320 -0.8800 -0.0680 1.0306
0.5320 -0.8800 -0.0680 1.0306
0.5320 -0.8800 -0.0680 1.0306
0.5320 -0.8800 -0.0680 1.0306
0.5320 -0.8800 -0.0680 1.0306
0.5320 -0.8800 -0.0680 1.0306
0.5320 -0.8800 -0.0680 1.0306
0.5320 -0.8800 -0.0680 1.0306
0.5320 -0.8800 -0.0680 1.0306
0.5320 -0.8800 -0.0680 1.0306
0.5400 -0.8720 -0.1000 1.0305
0.5400 -0.8720 -0.1000 1.0305
0.5400 -0.8720 -0.1000 1.0305
0.5400 -0.8720 -0.1000 1.0305
0.5400 -0.8720 -0.1000 1.0305
0.5400 -0.8720 -0.1000 1.0305
0.5400 -0.8720 -0.1000 1.0305
0.5400 -0.8720 -0.1000 1.0305
0.5400 -0.8720 -0.1000 1.0305
0.5400 -0.8720 -0.1000 1.0305
0.5400 -0.8720 -0.1000 1.0305
0.5400 -0.8720 -0.1000 1.0305
0.5400 -0.8720 -0.1000 1.0305
0.5400 -0.8720 -0.1000 1.0305
0.5400 -0.8720 -0.1000 1.0305
0.5400 -0.8720 -0.1000 1.0305
0.5400 -0.8720 -0.1000 1.0305
0.5400 -0.8720 -0.1000 1.0305
0.5400 -0.8720 -0.1000 1.0305
0.5400 -0.8720 -0.1000 1.0305
0.5400 -0.8720 -0.1000 1.0305
0.5400 -0.8720 -0.1000 1.0305
0.5400 -0.8720 -0.1000 1.0305
0.5400 -0.8720 -0.1000 1.0305
0.5400 -0.8720 -0.1000 1.0305
0.5400 -0.8720 -0.1000 1.0305
0.5400 -0.8720 -0.1000 1.0305
0.5400 -0.8720 -0.1000 1.0305
0.5400 -0.8720 -0.1000 1.0305
0.5400 -0.8720 -0.1000 1.0305
0.5400 -0.8720 -0.1000 1.0305
0.5400 -0.8720 -0.1040 1.0309
0.5520 -0.8760 -0.1040 1.0406
0.5520 -0.8760 -0.1040 1.0406
0.5520 -0.8760 -0.1040 1.0406
0.5520 -0.8760 -0.1040 1.0406
0.5520 -0.8760 -0.1040 1.0406
0.5520 -0.8760 -0.1040 1.0406
0.5520 -0.8760 -0.1040 1.0406
0.5520 -0.8760 -0.1040 1.0406
0.5520 -0.8760 -0.1040 1.0406
0.5520 -0.8760 -0.1040 1.0406
0.5520 -0.8760 -0.1040 1.0406
0.5520 -0.8760 -0.1040 1.0406
0.5520 -0.8760 -0.1040 1.0406
0.5520 -0.8760 -0.1040 1.0406
0.5520 -0.8760 -0.1040 1.0406
0.5520 -0.8760 -0.1040 1.0406
0.5520 -0.8760 -0.1040 1.0406
0.5520 -0.8760 -0.1040 1.0406
0.5520 -0.8760 -0.1040 1.0406
0.5520 -0.8760 -0.1040 1.0406
0.5520 -0.8760 -0.1040 1.0406
0.5520 -0.8760 -0.1040 1.0406
0.5520 -0.8760 -0.1040 1.0406
0.5520 -0.8760 -0.1040 1.0406
0.5520 -0.8760 -0.1040 1.0406
0.5520 -0.8760 -0.1040 1.0406
0.5520 -0.8760 -0.1040 1.0406
0.5520 -0.8760 -0.1040 1.0406
0.5520 -0.8760 -0.1040 1.0406
0.5520 -0.8760 -0.1040 1.0406
0.5520 -0.8760 -0.1040 1.0406
0.5520 -0.8760 -0.1080 1.0410
0.5440 -0.8800 -0.0920 1.0387
0.5440 -0.8800 -0.0920 1.0387
0.5440 -0.8800 -0.0920 1.0387
0.5440 -0.8800 -0.0920 1.0387
0.5440 -0.8800 -0.0920 1.0387
0.5440 -0.8800 -0.0920 1.0387
0.5440 -0.8800 -0.0920 1.0387
0.5440 -0.8800 -0.0920 1.0387
0.5440 -0.8800 -0.0920 1.0387
0.5440 -0.8800 -0.0920 1.0387
0.5440 -0.8800 -0.0920 1.0387
0.5440 -0.8800 -0.0920 1.0387
0.5440 -0.8800 -0.0920 1.0387
0.5440 -0.8800 -0.0920 1.0387
0.5440 -0.8800 -0.0920 1.0387
0.5440 -0.8800 -0.0920 1.0387
0.5440 -0.8800 -0.0920 1.0387
0.5440 -0.8800 -0.0920 1.0387
0.5440 -0.8800 -0.0920 1.0387
0.5440 -0.8800 -0.0920 1.0387
0.5440 -0.8800 -0.0920 1.0387
0.5440 -0.8800 -0.0920 1.0387
0.5440 -0.8800 -0.0920 1.0387
0.5440 -0.8800 -0.0920 1.0387
0.5440 -0.8800 -0.0920 1.0387
0.5440 -0.8800 -0.0920 1.0387
0.5440 -0.8800 -0.0920 1.0387
0.5440 -0.8800 -0.0920 1.0387
0.5440 -0.8800 -0.0920 1.0387
0.5440 -0.8800 -0.0920 1.0387
0.5440 -0.8800 -0.0920 1.0387
0.5440 -0.8800 -0.0920 1.0387
0.5440 -0.8800 -0.0920 1.0387
0.5440 -0.8800 -0.0920 1.0387
0.5440 -0.8800 -0.0920 1.0387
0.5440 -0.8800 -0.0920 1.0387
0.5440 -0.8800 -0.0920 1.0387
0.5440 -0.8800 -0.0920 1.0387
0.5440 -0.8800 -0.0920 1.0387
0.5440 -0.8800 -0.0920 1.0387
0.5440 -0.8800 -0.0920 1.0387
0.5440 -0.8800 -0.0920 1.0387
0.5440 -0.8800 -0.0920 1.0387
0.5440 -0.8800 -0.0920 1.0387
0.5440 -0.8800 -0.0920 1.0387
0.5440 -0.8800 -0.0920 1.0387
0.5440 -0.8800 -0.0920 1.0387
0.5440 -0.8800 -0.0920 1.0387
0.5440 -0.8800 -0.0920 1.0387
0.5440 -0.8800 -0.0920 1.0387
0.5440 -0.8800 -0.0920 1.0387
0.5440 -0.8800 -0.0920 1.0387
0.5440 -0.8800 -0.0920 1.0387
0.5440 -0.8800 -0.0920 1.0387
0.5440 -0.8800 -0.0920 1.0387
0.5440 -0.8800 -0.0920 1.0387
0.5440 -0.8800 -0.0920 1.0387
0.5440 -0.8800 -0.0920 1.0387
0.5440 -0.8800 -0.0920 1.0387
0.5440 -0.8800 -0.0920 1.0387
0.5440 -0.8800 -0.0920 1.0387
0.5440 -0.8800 -0.0920 1.0387
0.5440 -0.8800 -0.0920 1.0387
0.5440 -0.8800 -0.0920 1.0387
0.5440 -0.8760 -0.0920 1.0353
0.5440 -0.8760 -0.0920 1.0353
0.5440 -0.8760 -0.0920 1.0353
0.5440 -0.8760 -0.0920 1.0353
0.5440 -0.8760 -0.0920 1.0353
0.5440 -0.8760 -0.0920 1.0353
0.5440 -0.8760 -0.0920 1.0353
0.5440 -0.8760 -0.0920 1.0353
0.5440 -0.8760 -0.0920 1.0353
0.5440 -0.8760 -0.0920 1.0353
0.5440 -0.8760 -0.0920 1.0353
0.5440 -0.8760 -0.0920 1.0353
0.5440 -0.8760 -0.0920 1.0353
0.5440 -0.8760 -0.0920 1.0353
0.5440 -0.8760 -0.0920 1.0353
0.5440 -0.8760 -0.0920 1.0353
0.5440 -0.8760 -0.0920 1.0353
0.5440 -0.8760 -0.0920 1.0353
0.5440 -0.8760 -0.0920 1.0353
0.5440 -0.8760 -0.0920 1.0353
0.5440 -0.8760 -0.0920 1.0353
0.5440 -0.8760 -0.0920 1.0353
0.5440 -0.8760 -0.0920 1.0353
0.5440 -0.8760 -0.0920 1.0353
0.5440 -0.8760 -0.0920 1.0353
0.5440 -0.8760 -0.0920 1.0353
0.5440 -0.8760 -0.0920 1.0353
0.5440 -0.8760 -0.0920 1.0353
0.5440 -0.8760 -0.0920 1.0353
0.5440 -0.8760 -0.0920 1.0353
0.5440 -0.8760 -0.0920 1.0353
0.5440 -0.8760 -0.0920 1.0353
0.5480 -0.8760 -0.0920 1.0374
0.5480 -0.8760 -0.0920 1.0374
0.5480 -0.8760 -0.0920 1.0374
0.5480 -0.8760 -0.0920 1.0374
0.5480 -0.8760 -0.0920 1.0374
0.5480 -0.8760 -0.0920 1.0374
0.5480 -0.8760 -0.0920 1.0374
0.5480 -0.8760 -0.0920 1.0374
0.5480 -0.8760 -0.0920 1.0374
0.5480 -0.8760 -0.0920 1.0374
0.5480 -0.8760 -0.0920 1.0374
0.5480 -0.8760 -0.0920 1.0374
0.5480 -0.8760 -0.0920 1.0374
0.5480 -0.8760 -0.0920 1.0374
0.5480 -0.8760 -0.0920 1.0374
0.5480 -0.8760 -0.0920 1.0374
0.5480 -0.8760 -0.0920 1.0374
0.5480 -0.8760 -0.0920 1.0374
0.5480 -0.8760 -0.0920 1.0374
0.5480 -0.8760 -0.0920 1.0374
0.5480 -0.8760 -0.0920 1.0374
0.5480 -0.8760 -0.0920 1.0374
0.5480 -0.8760 -0.0920 1.0374
0.5480 -0.8760 -0.0920 1.0374
0.5480 -0.8760 -0.0920 1.0374
0.5480 -0.8760 -0.0920 1.0374
0.5480 -0.8760 -0.0920 1.0374
0.5480 -0.8760 -0.0920 1.0374
0.5480 -0.8760 -0.0920 1.0374
0.5480 -0.8760 -0.0920 1.0374
0.5480 -0.8760 -0.0920 1.0374
0.5480 -0.8760 -0.0920 1.0374
0.5480 -0.8760 -0.0920 1.0374
0.5480 -0.8760 -0.0920 1.0374
0.5480 -0.8760 -0.0920 1.0374
0.5480 -0.8760 -0.0920 1.0374
0.5480 -0.8760 -0.0920 1.0374
0.5480 -0.8760 -0.0920 1.0374
0.5480 -0.8760 -0.0920 1.0374
0.5480 -0.8760 -0.0920 1.0374
0.5480 -0.8760 -0.0920 1.0374
0.5480 -0.8760 -0.0920 1.0374
0.5480 -0.8760 -0.0920 1.0374
0.5480 -0.8760 -0.0920 1.0374
0.5480 -0.8760 -0.0920 1.0374
0.5480 -0.8760 -0.0920 1.0374
0.5480 -0.8760 -0.0920 1.0374
0.5480 -0.8760 -0.0920 1.0374
0.5480 -0.8760 -0.0920 1.0374
0.5480 -0.8760 -0.0920 1.0374
0.5480 -0.8760 -0.0920 1.0374
0.5480 -0.8760 -0.0920 1.0374
0.5480 -0.8760 -0.0920 1.0374
0.5480 -0.8760 -0.0920 1.0374
0.5480 -0.8760 -0.0920 1.0374
0.5480 -0.8760 -0.0920 1.0374
0.5480 -0.8760 -0.0920 1.0374
0.5480 -0.8760 -0.0920 1.0374
0.5480 -0.8760 -0.0920 1.0374
0.5480 -0.8760 -0.0920 1.0374
0.5480 -0.8760 -0.0920 1.0374
0.5480 -0.8760 -0.0920 1.0374
0.5480 -0.8760 -0.0920 1.0374
0.5480 -0.8760 -0.0880 1.0370
0.5320 -0.8720 -0.0880 1.0253
0.5320 -0.8720 -0.0880 1.0253
0.5320 -0.8720 -0.0880 1.0253
0.5320 -0.8720 -0.0880 1.0253
0.5320 -0.8720 -0.0880 1.0253
0.5320 -0.8720 -0.0880 1.0253
0.5320 -0.8720 -0.0880 1.0253
0.5320 -0.8720 -0.0880 1.0253
0.5320 -0.8720 -0.0880 1.0253
0.5320 -0.8720 -0.0880 1.0253
0.5320 -0.8720 -0.0880 1.0253
0.5320 -0.8720 -0.0880 1.0253
0.5320 -0.8720 -0.0880 1.0253
0.5320 -0.8720 -0.0880 1.0253
0.5320 -0.8720 -0.0880 1.0253
0.5320 -0.8720 -0.0880 1.0253
0.5320 -0.8720 -0.0880 1.0253
0.5320 -0.8720 -0.0880 1.0253
0.5320 -0.8720 -0.0880 1.0253
0.5320 -0.8720 -0.0880 1.0253
0.5320 -0.8720 -0.0880 1.0253
0.5320 -0.8720 -0.0880 1.0253
0.5320 -0.8720 -0.0880 1.0253
0.5320 -0.8720 -0.0880 1.0253
0.5320 -0.8720 -0.0880 1.0253
0.5320 -0.8720 -0.0880 1.0253
0.5320 -0.8720 -0.0880 1.0253
0.5320 -0.8720 -0.0880 1.0253
0.5320 -0.8720 -0.0880 1.0253
0.5320 -0.8720 -0.0880 1.0253
0.5320 -0.8720 -0.0880 1.0253
0.5320 -0.8720 -0.0920 1.0256
0.5320 -0.8800 -0.1080 1.0340
0.5320 -0.8800 -0.1080 1.0340
0.5320 -0.8800 -0.1080 1.0340
0.5320 -0.8800 -0.1080 1.0340
0.5320 -0.8800 -0.1080 1.0340
0.5320 -0.8800 -0.1080 1.0340
0.5320 -0.8800 -0.1080 1.0340
0.5320 -0.8800 -0.1080 1.0340
0.5320 -0.8800 -0.1080 1.0340
0.5320 -0.8800 -0.1080 1.0340
0.5320 -0.8800 -0.1080 1.0340
0.5320 -0.8800 -0.1080 1.0340
0.5320 -0.8800 -0.1080 1.0340
0.5320 -0.8800 -0.1080 1.0340
0.5320 -0.8800 -0.1080 1.0340
0.5320 -0.8800 -0.1080 1.0340
0.5320 -0.8800 -0.1080 1.0340
0.5320 -0.8800 -0.1080 1.0340
0.5320 -0.8800 -0.1080 1.0340
0.5320 -0.8800 -0.1080 1.0340
0.5320 -0.8800 -0.1080 1.0340
0.5320 -0.8800 -0.1080 1.0340
0.5320 -0.8800 -0.1080 1.0340
0.5320 -0.8800 -0.1080 1.0340
0.5320 -0.8800 -0.1080 1.0340
0.5320 -0.8800 -0.1080 1.0340
0.5320 -0.8800 -0.1080 1.0340
0.5320 -0.8800 -0.1080 1.0340
0.5320 -0.8800 -0.1080 1.0340
0.5320 -0.8800 -0.1080 1.0340
0.5320 -0.8800 -0.1080 1.0340
0.5320 -0.8800 -0.1120 1.0344
0.5320 -0.8720 -0.1120 1.0276
0.5320 -0.8720 -0.1120 1.0276
0.5320 -0.8720 -0.1120 1.0276
0.5320 -0.8720 -0.1120 1.0276
0.5320 -0.8720 -0.1120 1.0276
0.5320 -0.8720 -0.1120 1.0276
0.5320 -0.8720 -0.1120 1.0276
0.5320 -0.8720 -0.1120 1.0276
0.5320 -0.8720 -0.1120 1.0276
0.5320 -0.8720 -0.1120 1.0276
0.5320 -0.8720 -0.1120 1.0276
0.5320 -0.8720 -0.1120 1.0276
0.5320 -0.8720 -0.1120 1.0276
0.5320 -0.8720 -0.1120 1.0276
0.5320 -0.8720 -0.1120 1.0276
0.5320 -0.8720 -0.1120 1.0276
0.5320 -0.8720 -0.1120 1.0276
0.5320 -0.8720 -0.1120 1.0276
0.5320 -0.8720 -0.1120 1.0276
0.5320 -0.8720 -0.1120 1.0276
0.5320 -0.8720 -0.1120 1.0276
0.5320 -0.8720 -0.1120 1.0276
0.5320 -0.8720 -0.1120 1.0276
0.5320 -0.8720 -0.1120 1.0276
0.5320 -0.8720 -0.1120 1.0276
0.5320 -0.8720 -0.1120 1.0276
0.5320 -0.8720 -0.1120 1.0276
0.5320 -0.8720 -0.1120 1.0276
0.5320 -0.8720 -0.1120 1.0276
0.5320 -0.8720 -0.1120 1.0276
0.5320 -0.8720 -0.1120 1.0276
0.5320 -0.8720 -0.1000 1.0264
0.5280 -0.8800 -0.0840 1.0297
0.5280 -0.8800 -0.0840 1.0297
0.5280 -0.8800 -0.0840 1.0297
0.5280 -0.8800 -0.0840 1.0297
0.5280 -0.8800 -0.0840 1.0297
0.5280 -0.8800 -0.0840 1.0297
0.5280 -0.8800 -0.0840 1.0297
0.5280 -0.8800 -0.0840 1.0297
0.5280 -0.8800 -0.0840 1.0297
0.5280 -0.8800 -0.0840 1.0297
0.5280 -0.8800 -0.0840 1.0297
0.5280 -0.8800 -0.0840 1.0297
0.5280 -0.8800 -0.0840 1.0297
0.5280 -0.8800 -0.0840 1.0297
0.5280 -0.8800 -0.0840 1.0297
0.5280 -0.8800 -0.0840 1.0297
0.5280 -0.8800 -0.0840 1.0297
0.5280 -0.8800 -0.0840 1.0297
0.5280 -0.8800 -0.0840 1.0297
0.5280 -0.8800 -0.0840 1.0297
0.5280 -0.8800 -0.0840 1.0297
0.5280 -0.8800 -0.0840 1.0297
0.5280 -0.8800 -0.0840 1.0297
0.5280 -0.8800 -0.0840 1.0297
0.5280 -0.8800 -0.0840 1.0297
0.5280 -0.8800 -0.0840 1.0297
0.5280 -0.8800 -0.0840 1.0297
0.5280 -0.8800 -0.0840 1.0297
0.5280 -0.8800 -0.0840 1.0297
0.5280 -0.8800 -0.0840 1.0297
0.5280 -0.8800 -0.0840 1.0297
0.5280 -0.8800 -0.0960 1.0307
0.5480 -0.8760 -0.0960 1.0377
0.5480 -0.8760 -0.0960 1.0377
0.5480 -0.8760 -0.0960 1.0377
0.5480 -0.8760 -0.0960 1.0377
0.5480 -0.8760 -0.0960 1.0377
0.5480 -0.8760 -0.0960 1.0377
0.5480 -0.8760 -0.0960 1.0377
0.5480 -0.8760 -0.0960 1.0377
0.5480 -0.8760 -0.0960 1.0377
0.5480 -0.8760 -0.0960 1.0377
0.5480 -0.8760 -0.0960 1.0377
0.5480 -0.8760 -0.0960 1.0377
0.5480 -0.8760 -0.0960 1.0377
0.5480 -0.8760 -0.0960 1.0377
0.5480 -0.8760 -0.0960 1.0377
0.5480 -0.8760 -0.0960 1.0377
0.5480 -0.8760 -0.0960 1.0377
0.5480 -0.8760 -0.0960 1.0377
0.5480 -0.8760 -0.0960 1.0377
0.5480 -0.8760 -0.0960 1.0377
0.5480 -0.8760 -0.0960 1.0377
0.5480 -0.8760 -0.0960 1.0377
0.5480 -0.8760 -0.0960 1.0377
0.5480 -0.8760 -0.0960 1.0377
0.5480 -0.8760 -0.0960 1.0377
0.5480 -0.8760 -0.0960 1.0377
0.5480 -0.8760 -0.0960 1.0377
0.5480 -0.8760 -0.0960 1.0377
0.5480 -0.8760 -0.0960 1.0377
0.5480 -0.8760 -0.0960 1.0377
0.5480 -0.8760 -0.0960 1.0377
0.5480 -0.8760 -0.0920 1.0374
0.5480 -0.8800 -0.1080 1.0423
0.5480 -0.8800 -0.1080 1.0423
0.5480 -0.8800 -0.1080 1.0423
0.5480 -0.8800 -0.1080 1.0423
0.5480 -0.8800 -0.1080 1.0423
0.5480 -0.8800 -0.1080 1.0423
0.5480 -0.8800 -0.1080 1.0423
0.5480 -0.8800 -0.1080 1.0423
0.5480 -0.8800 -0.1080 1.0423
0.5480 -0.8800 -0.1080 1.0423
0.5480 -0.8800 -0.1080 1.0423
0.5480 -0.8800 -0.1080 1.0423
0.5480 -0.8800 -0.1080 1.0423
0.5480 -0.8800 -0.1080 1.0423
0.5480 -0.8800 -0.1080 1.0423
0.5480 -0.8800 -0.1080 1.0423
0.5480 -0.8800 -0.1080 1.0423
0.5480 -0.8800 -0.1080 1.0423
0.5480 -0.8800 -0.1080 1.0423
0.5480 -0.8800 -0.1080 1.0423
0.5480 -0.8800 -0.1080 1.0423
0.5480 -0.8800 -0.1080 1.0423
0.5480 -0.8800 -0.1080 1.0423
0.5480 -0.8800 -0.1080 1.0423
0.5480 -0.8800 -0.1080 1.0423
0.5480 -0.8800 -0.1080 1.0423
0.5480 -0.8800 -0.1080 1.0423
0.5480 -0.8800 -0.1080 1.0423
0.5480 -0.8800 -0.1080 1.0423
0.5480 -0.8800 -0.1080 1.0423
0.5480 -0.8800 -0.1080 1.0423
0.5480 -0.8800 -0.1040 1.0419
0.5280 -0.8760 -0.0880 1.0266
0.5280 -0.8760 -0.0880 1.0266
0.5280 -0.8760 -0.0880 1.0266
0.5280 -0.8760 -0.0880 1.0266
0.5280 -0.8760 -0.0880 1.0266
0.5280 -0.8760 -0.0880 1.0266
0.5280 -0.8760 -0.0880 1.0266
0.5280 -0.8760 -0.0880 1.0266
0.5280 -0.8760 -0.0880 1.0266
0.5280 -0.8760 -0.0880 1.0266
0.5280 -0.8760 -0.0880 1.0266
0.5280 -0.8760 -0.0880 1.0266
0.5280 -0.8760 -0.0880 1.0266
0.5280 -0.8760 -0.0880 1.0266
0.5280 -0.8760 -0.0880 1.0266
0.5280 -0.8760 -0.0880 1.0266
0.5280 -0.8760 -0.0880 1.0266
0.5280 -0.8760 -0.0880 1.0266
0.5280 -0.8760 -0.0880 1.0266
0.5280 -0.8760 -0.0880 1.0266
0.5280 -0.8760 -0.0880 1.0266
0.5280 -0.8760 -0.0880 1.0266
0.5280 -0.8760 -0.0880 1.0266
0.5280 -0.8760 -0.0880 1.0266
0.5280 -0.8760 -0.0880 1.0266
0.5280 -0.8760 -0.0880 1.0266
0.5280 -0.8760 -0.0880 1.0266
0.5280 -0.8760 -0.0880 1.0266
0.5280 -0.8760 -0.0880 1.0266
0.5280 -0.8760 -0.0880 1.0266
0.5280 -0.8760 -0.0880 1.0266
0.5280 -0.8760 -0.0920 1.0269
0.5560 -0.8840 -0.0920 1.0484
0.5560 -0.8840 -0.0920 1.0484
0.5560 -0.8840 -0.0920 1.0484
0.5560 -0.8840 -0.0920 1.0484
0.5560 -0.8840 -0.0920 1.0484
0.5560 -0.8840 -0.0920 1.0484
0.5560 -0.8840 -0.0920 1.0484
0.5560 -0.8840 -0.0920 1.0484
0.5560 -0.8840 -0.0920 1.0484
0.5560 -0.8840 -0.0920 1.0484
0.5560 -0.8840 -0.0920 1.0484
0.5560 -0.8840 -0.0920 1.0484
0.5560 -0.8840 -0.0920 1.0484
0.5560 -0.8840 -0.0920 1.0484
0.5560 -0.8840 -0.0920 1.0484
0.5560 -0.8840 -0.0920 1.0484
0.5560 -0.8840 -0.0920 1.0484
0.5560 -0.8840 -0.0920 1.0484
0.5560 -0.8840 -0.0920 1.0484
0.5560 -0.8840 -0.0920 1.0484
0.5560 -0.8840 -0.0920 1.0484
0.5560 -0.8840 -0.0920 1.0484
0.5560 -0.8840 -0.0920 1.0484
0.5560 -0.8840 -0.0920 1.0484
0.5560 -0.8840 -0.0920 1.0484
0.5560 -0.8840 -0.0920 1.0484
0.5560 -0.8840 -0.0920 1.0484
0.5560 -0.8840 -0.0920 1.0484
0.5560 -0.8840 -0.0920 1.0484
0.5560 -0.8840 -0.0920 1.0484
0.5560 -0.8840 -0.0920 1.0484
0.5560 -0.8840 -0.0840 1.0477
0.5480 -0.8680 -0.0840 1.0299
0.5480 -0.8680 -0.0840 1.0299
0.5480 -0.8680 -0.0840 1.0299
0.5480 -0.8680 -0.0840 1.0299
0.5480 -0.8680 -0.0840 1.0299
0.5480 -0.8680 -0.0840 1.0299
0.5480 -0.8680 -0.0840 1.0299
0.5480 -0.8680 -0.0840 1.0299
0.5480 -0.8680 -0.0840 1.0299
0.5480 -0.8680 -0.0840 1.0299
0.5480 -0.8680 -0.0840 1.0299
0.5480 -0.8680 -0.0840 1.0299
0.5480 -0.8680 -0.0840 1.0299
0.5480 -0.8680 -0.0840 1.0299
0.5480 -0.8680 -0.0840 1.0299
0.5480 -0.8680 -0.0840 1.0299
0.5480 -0.8680 -0.0840 1.0299
0.5480 -0.8680 -0.0840 1.0299
0.5480 -0.8680 -0.0840 1.0299
0.5480 -0.8680 -0.0840 1.0299
0.5480 -0.8680 -0.0840 1.0299
0.5480 -0.8680 -0.0840 1.0299
0.5480 -0.8680 -0.0840 1.0299
0.5480 -0.8680 -0.0840 1.0299
0.5480 -0.8680 -0.0840 1.0299
0.5480 -0.8680 -0.0840 1.0299
0.5480 -0.8680 -0.0840 1.0299
0.5480 -0.8680 -0.0840 1.0299
0.5480 -0.8680 -0.0840 1.0299
0.5480 -0.8680 -0.0840 1.0299
0.5480 -0.8680 -0.0840 1.0299
0.5480 -0.8680 -0.0880 1.0303
0.5480 -0.8760 -0.0880 1.0370
0.5480 -0.8760 -0.0880 1.0370
0.5480 -0.8760 -0.0880 1.0370
0.5480 -0.8760 -0.0880 1.0370
0.5480 -0.8760 -0.0880 1.0370
0.5480 -0.8760 -0.0880 1.0370
0.5480 -0.8760 -0.0880 1.0370
0.5480 -0.8760 -0.0880 1.0370
0.5480 -0.8760 -0.0880 1.0370
0.5480 -0.8760 -0.0880 1.0370
0.5480 -0.8760 -0.0880 1.0370
0.5480 -0.8760 -0.0880 1.0370
0.5480 -0.8760 -0.0880 1.0370
0.5480 -0.8760 -0.0880 1.0370
0.5480 -0.8760 -0.0880 1.0370
0.5480 -0.8760 -0.0880 1.0370
0.5480 -0.8760 -0.0880 1.0370
0.5480 -0.8760 -0.0880 1.0370
0.5480 -0.8760 -0.0880 1.0370
0.5480 -0.8760 -0.0880 1.0370
0.5480 -0.8760 -0.0880 1.0370
0.5480 -0.8760 -0.0880 1.0370
0.5480 -0.8760 -0.0880 1.0370
0.5480 -0.8760 -0.0880 1.0370
0.5480 -0.8760 -0.0880 1.0370
0.5480 -0.8760 -0.0880 1.0370
0.5480 -0.8760 -0.0880 1.0370
0.5480 -0.8760 -0.0880 1.0370
0.5480 -0.8760 -0.0880 1.0370
0.5480 -0.8760 -0.0880 1.0370
0.5480 -0.8760 -0.0880 1.0370
0.5480 -0.8760 -0.0880 1.0370
0.5480 -0.8760 -0.0880 1.0370
0.5480 -0.8760 -0.0880 1.0370
0.5480 -0.8760 -0.0880 1.0370
0.5480 -0.8760 -0.0880 1.0370
0.5480 -0.8760 -0.0880 1.0370
0.5480 -0.8760 -0.0880 1.0370
0.5480 -0.8760 -0.0880 1.0370
0.5480 -0.8760 -0.0880 1.0370
0.5480 -0.8760 -0.0880 1.0370
0.5480 -0.8760 -0.0880 1.0370
0.5480 -0.8760 -0.0880 1.0370
0.5480 -0.8760 -0.0880 1.0370
0.5480 -0.8760 -0.0880 1.0370
0.5480 -0.8760 -0.0880 1.0370
0.5480 -0.8760 -0.0880 1.0370
0.5480 -0.8760 -0.0880 1.0370
0.5480 -0.8760 -0.0880 1.0370
0.5480 -0.8760 -0.0880 1.0370
0.5480 -0.8760 -0.0880 1.0370
0.5480 -0.8760 -0.0880 1.0370
0.5480 -0.8760 -0.0880 1.0370
0.5480 -0.8760 -0.0880 1.0370
0.5480 -0.8760 -0.0880 1.0370
0.5480 -0.8760 -0.0880 1.0370
0.5480 -0.8760 -0.0880 1.0370
0.5480 -0.8760 -0.0880 1.0370
0.5480 -0.8760 -0.0880 1.0370
0.5480 -0.8760 -0.0880 1.0370
0.5480 -0.8760 -0.0880 1.0370
0.5480 -0.8760 -0.0880 1.0370
0.5480 -0.8760 -0.0880 1.0370
0.5480 -0.8760 -0.0840 1.0367
0.5360 -0.8800 -0.0840 1.0338
0.5360 -0.8800 -0.0840 1.0338
0.5360 -0.8800 -0.0840 1.0338
0.5360 -0.8800 -0.0840 1.0338
0.5360 -0.8800 -0.0840 1.0338
0.5360 -0.8800 -0.0840 1.0338
0.5360 -0.8800 -0.0840 1.0338
0.5360 -0.8800 -0.0840 1.0338
0.5360 -0.8800 -0.0840 1.0338
0.5360 -0.8800 -0.0840 1.0338
0.5360 -0.8800 -0.0840 1.0338
0.5360 -0.8800 -0.0840 1.0338
0.5360 -0.8800 -0.0840 1.0338
0.5360 -0.8800 -0.0840 1.0338
0.5360 -0.8800 -0.0840 1.0338
0.5360 -0.8800 -0.0840 1.0338
0.5360 -0.8800 -0.0840 1.0338
0.5360 -0.8800 -0.0840 1.0338
0.5360 -0.8800 -0.0840 1.0338
0.5360 -0.8800 -0.0840 1.0338
0.5360 -0.8800 -0.0840 1.0338
0.5360 -0.8800 -0.0840 1.0338
0.5360 -0.8800 -0.0840 1.0338
0.5360 -0.8800 -0.0840 1.0338
0.5360 -0.8800 -0.0840 1.0338
0.5360 -0.8800 -0.0840 1.0338
0.5360 -0.8800 -0.0840 1.0338
0.5360 -0.8800 -0.0840 1.0338
0.5360 -0.8800 -0.0840 1.0338
0.5360 -0.8800 -0.0840 1.0338
0.5360 -0.8800 -0.0840 1.0338
0.5360 -0.8800 -0.0880 1.0341
0.5480 -0.8760 -0.1040 1.0385
0.5480 -0.8760 -0.1040 1.0385
0.5480 -0.8760 -0.1040 1.0385
0.5480 -0.8760 -0.1040 1.0385
0.5480 -0.8760 -0.1040 1.0385
0.5480 -0.8760 -0.1040 1.0385
0.5480 -0.8760 -0.1040 1.0385
0.5480 -0.8760 -0.1040 1.0385
0.5480 -0.8760 -0.1040 1.0385
0.5480 -0.8760 -0.1040 1.0385
0.5480 -0.8760 -0.1040 1.0385
0.5480 -0.8760 -0.1040 1.0385
0.5480 -0.8760 -0.1040 1.0385
0.5480 -0.8760 -0.1040 1.0385
0.5480 -0.8760 -0.1040 1.0385
0.5480 -0.8760 -0.1040 1.0385
0.5480 -0.8760 -0.1040 1.0385
0.5480 -0.8760 -0.1040 1.0385
0.5480 -0.8760 -0.1040 1.0385
0.5480 -0.8760 -0.1040 1.0385
0.5480 -0.8760 -0.1040 1.0385
0.5480 -0.8760 -0.1040 1.0385
0.5480 -0.8760 -0.1040 1.0385
0.5480 -0.8760 -0.1040 1.0385
0.5480 -0.8760 -0.1040 1.0385
0.5480 -0.8760 -0.1040 1.0385
0.5480 -0.8760 -0.1040 1.0385
0.5480 -0.8760 -0.1040 1.0385
0.5480 -0.8760 -0.1040 1.0385
0.5480 -0.8760 -0.1040 1.0385
0.5480 -0.8760 -0.1040 1.0385
0.5480 -0.8760 -0.1120 1.0393
0.5440 -0.8800 -0.0960 1.0390
0.5440 -0.8800 -0.0960 1.0390
0.5440 -0.8800 -0.0960 1.0390
0.5440 -0.8800 -0.0960 1.0390
0.5440 -0.8800 -0.0960 1.0390
0.5440 -0.8800 -0.0960 1.0390
0.5440 -0.8800 -0.0960 1.0390
0.5440 -0.8800 -0.0960 1.0390
0.5440 -0.8800 -0.0960 1.0390
0.5440 -0.8800 -0.0960 1.0390
0.5440 -0.8800 -0.0960 1.0390
0.5440 -0.8800 -0.0960 1.0390
0.5440 -0.8800 -0.0960 1.0390
0.5440 -0.8800 -0.0960 1.0390
0.5440 -0.8800 -0.0960 1.0390
0.5440 -0.8800 -0.0960 1.0390
0.5440 -0.8800 -0.0960 1.0390
0.5440 -0.8800 -0.0960 1.0390
0.5440 -0.8800 -0.0960 1.0390
0.5440 -0.8800 -0.0960 1.0390
0.5440 -0.8800 -0.0960 1.0390
0.5440 -0.8800 -0.0960 1.0390
0.5440 -0.8800 -0.0960 1.0390
0.5440 -0.8800 -0.0960 1.0390
0.5440 -0.8800 -0.0960 1.0390
0.5440 -0.8800 -0.0960 1.0390
0.5440 -0.8800 -0.0960 1.0390
0.5440 -0.8800 -0.0960 1.0390
0.5440 -0.8800 -0.0960 1.0390
0.5440 -0.8800 -0.0960 1.0390
0.5440 -0.8800 -0.0960 1.0390
0.5440 -0.8800 -0.0880 1.0383
0.5480 -0.8720 -0.0880 1.0336
0.5480 -0.8720 -0.0880 1.0336
0.5480 -0.8720 -0.0880 1.0336
0.5480 -0.8720 -0.0880 1.0336
0.5480 -0.8720 -0.0880 1.0336
0.5480 -0.8720 -0.0880 1.0336
0.5480 -0.8720 -0.0880 1.0336
0.5480 -0.8720 -0.0880 1.0336
0.5480 -0.8720 -0.0880 1.0336
0.5480 -0.8720 -0.0880 1.0336
0.5480 -0.8720 -0.0880 1.0336
0.5480 -0.8720 -0.0880 1.0336
0.5480 -0.8720 -0.0880 1.0336
0.5480 -0.8720 -0.0880 1.0336
0.5480 -0.8720 -0.0880 1.0336
0.5480 -0.8720 -0.0880 1.0336
0.5480 -0.8720 -0.0880 1.0336
0.5480 -0.8720 -0.0880 1.0336
0.5480 -0.8720 -0.0880 1.0336
0.5480 -0.8720 -0.0880 1.0336
0.5480 -0.8720 -0.0880 1.0336
0.5480 -0.8720 -0.0880 1.0336
0.5480 -0.8720 -0.0880 1.0336
0.5480 -0.8720 -0.0880 1.0336
0.5480 -0.8720 -0.0880 1.0336
0.5480 -0.8720 -0.0880 1.0336
0.5480 -0.8720 -0.0880 1.0336
0.5480 -0.8720 -0.0880 1.0336
0.5480 -0.8720 -0.0880 1.0336
0.5480 -0.8720 -0.0880 1.0336
0.5480 -0.8720 -0.0880 1.0336
0.5480 -0.8720 -0.0920 1.0340
0.5480 -0.8720 -0.0920 1.0340
0.5480 -0.8720 -0.0920 1.0340
0.5480 -0.8720 -0.0920 1.0340
0.5480 -0.8720 -0.0920 1.0340
0.5480 -0.8720 -0.0920 1.0340
0.5480 -0.8720 -0.0920 1.0340
0.5480 -0.8720 -0.0920 1.0340
0.5480 -0.8720 -0.0920 1.0340
0.5480 -0.8720 -0.0920 1.0340
0.5480 -0.8720 -0.0920 1.0340
0.5480 -0.8720 -0.0920 1.0340
0.5480 -0.8720 -0.0920 1.0340
0.5480 -0.8720 -0.0920 1.0340
0.5480 -0.8720 -0.0920 1.0340
0.5480 -0.8720 -0.0920 1.0340
0.5480 -0.8720 -0.0920 1.0340
0.5480 -0.8720 -0.0920 1.0340
0.5480 -0.8720 -0.0920 1.0340
0.5480 -0.8720 -0.0920 1.0340
0.5480 -0.8720 -0.0920 1.0340
0.5480 -0.8720 -0.0920 1.0340
0.5480 -0.8720 -0.0920 1.0340
0.5480 -0.8720 -0.0920 1.0340
0.5480 -0.8720 -0.0920 1.0340
0.5480 -0.8720 -0.0920 1.0340
0.5480 -0.8720 -0.0920 1.0340
0.5480 -0.8720 -0.0920 1.0340
0.5480 -0.8720 -0.0920 1.0340
0.5480 -0.8720 -0.0920 1.0340
0.5480 -0.8720 -0.0920 1.0340
0.5480 -0.8720 -0.0920 1.0340
0.5480 -0.8720 -0.0920 1.0340
0.5480 -0.8720 -0.0920 1.0340
0.5480 -0.8720 -0.0920 1.0340
0.5480 -0.8720 -0.0920 1.0340
0.5480 -0.8720 -0.0920 1.0340
0.5480 -0.8720 -0.0920 1.0340
0.5480 -0.8720 -0.0920 1.0340
0.5480 -0.8720 -0.0920 1.0340
0.5480 -0.8720 -0.0920 1.0340
0.5480 -0.8720 -0.0920 1.0340
0.5480 -0.8720 -0.0920 1.0340
0.5480 -0.8720 -0.0920 1.0340
0.5480 -0.8720 -0.0920 1.0340
0.5480 -0.8720 -0.0920 1.0340
0.5480 -0.8720 -0.0920 1.0340
0.5480 -0.8720 -0.0920 1.0340
0.5480 -0.8720 -0.0920 1.0340
0.5480 -0.8720 -0.0920 1.0340
0.5480 -0.8720 -0.0920 1.0340
0.5480 -0.8720 -0.0920 1.0340
0.5480 -0.8720 -0.0920 1.0340
0.5480 -0.8720 -0.0920 1.0340
0.5480 -0.8720 -0.0920 1.0340
0.5480 -0.8720 -0.0920 1.0340
0.5480 -0.8720 -0.0920 1.0340
0.5480 -0.8720 -0.0920 1.0340
0.5480 -0.8720 -0.0920 1.0340
0.5480 -0.8720 -0.0920 1.0340
0.5480 -0.8720 -0.0920 1.0340
0.5480 -0.8720 -0.0920 1.0340
0.5480 -0.8720 -0.0920 1.0340
0.5480 -0.8720 -0.0920 1.0340
0.5480 -0.8720 -0.0880 1.0336
0.5480 -0.8760 -0.0720 1.0358
0.5480 -0.8760 -0.0720 1.0358
0.5480 -0.8760 -0.0720 1.0358
0.5480 -0.8760 -0.0720 1.0358
0.5480 -0.8760 -0.0720 1.0358
0.5480 -0.8760 -0.0720 1.0358
0.5480 -0.8760 -0.0720 1.0358
0.5480 -0.8760 -0.0720 1.0358
0.5480 -0.8760 -0.0720 1.0358
0.5480 -0.8760 -0.0720 1.0358
0.5480 -0.8760 -0.0720 1.0358
0.5480 -0.8760 -0.0720 1.0358
0.5480 -0.8760 -0.0720 1.0358
0.5480 -0.8760 -0.0720 1.0358
0.5480 -0.8760 -0.0720 1.0358
0.5480 -0.8760 -0.0720 1.0358
0.5480 -0.8760 -0.0720 1.0358
0.5480 -0.8760 -0.0720 1.0358
0.5480 -0.8760 -0.0720 1.0358
0.5480 -0.8760 -0.0720 1.0358
0.5480 -0.8760 -0.0720 1.0358
0.5480 -0.8760 -0.0720 1.0358
0.5480 -0.8760 -0.0720 1.0358
0.5480 -0.8760 -0.0720 1.0358
0.5480 -0.8760 -0.0720 1.0358
0.5480 -0.8760 -0.0720 1.0358
0.5480 -0.8760 -0.0720 1.0358
0.5480 -0.8760 -0.0720 1.0358
0.5480 -0.8760 -0.0720 1.0358
0.5480 -0.8760 -0.0720 1.0358
0.5480 -0.8760 -0.0720 1.0358
0.5480 -0.8760 -0.0800 1.0364
0.5560 -0.8800 -0.0960 1.0453
0.5560 -0.8800 -0.0960 1.0453
0.5560 -0.8800 -0.0960 1.0453
0.5560 -0.8800 -0.0960 1.0453
0.5560 -0.8800 -0.0960 1.0453
0.5560 -0.8800 -0.0960 1.0453
0.5560 -0.8800 -0.0960 1.0453
0.5560 -0.8800 -0.0960 1.0453
0.5560 -0.8800 -0.0960 1.0453
0.5560 -0.8800 -0.0960 1.0453
0.5560 -0.8800 -0.0960 1.0453
0.5560 -0.8800 -0.0960 1.0453
0.5560 -0.8800 -0.0960 1.0453
0.5560 -0.8800 -0.0960 1.0453
0.5560 -0.8800 -0.0960 1.0453
0.5560 -0.8800 -0.0960 1.0453
0.5560 -0.8800 -0.0960 1.0453
0.5560 -0.8800 -0.0960 1.0453
0.5560 -0.8800 -0.0960 1.0453
0.5560 -0.8800 -0.0960 1.0453
0.5560 -0.8800 -0.0960 1.0453
0.5560 -0.8800 -0.0960 1.0453
0.5560 -0.8800 -0.0960 1.0453
0.5560 -0.8800 -0.0960 1.0453
0.5560 -0.8800 -0.0960 1.0453
0.5560 -0.8800 -0.0960 1.0453
0.5560 -0.8800 -0.0960 1.0453
0.5560 -0.8800 -0.0960 1.0453
0.5560 -0.8800 -0.0960 1.0453
0.5560 -0.8800 -0.0960 1.0453
0.5560 -0.8800 -0.0960 1.0453
0.5560 -0.8800 -0.0920 1.0450
0.5400 -0.8760 -0.0920 1.0332
0.5400 -0.8760 -0.0920 1.0332
0.5400 -0.8760 -0.0920 1.0332
0.5400 -0.8760 -0.0920 1.0332
0.5400 -0.8760 -0.0920 1.0332
0.5400 -0.8760 -0.0920 1.0332
0.5400 -0.8760 -0.0920 1.0332
0.5400 -0.8760 -0.0920 1.0332
0.5400 -0.8760 -0.0920 1.0332
0.5400 -0.8760 -0.0920 1.0332
0.5400 -0.8760 -0.0920 1.0332
0.5400 -0.8760 -0.0920 1.0332
0.5400 -0.8760 -0.0920 1.0332
0.5400 -0.8760 -0.0920 1.0332
0.5400 -0.8760 -0.0920 1.0332
0.5400 -0.8760 -0.0920 1.0332
0.5400 -0.8760 -0.0920 1.0332
0.5400 -0.8760 -0.0920 1.0332
0.5400 -0.8760 -0.0920 1.0332
0.5400 -0.8760 -0.0920 1.0332
0.5400 -0.8760 -0.0920 1.0332
0.5400 -0.8760 -0.0920 1.0332
0.5400 -0.8760 -0.0920 1.0332
0.5400 -0.8760 -0.0920 1.0332
0.5400 -0.8760 -0.0920 1.0332
0.5400 -0.8760 -0.0920 1.0332
0.5400 -0.8760 -0.0920 1.0332
0.5400 -0.8760 -0.0920 1.0332
0.5400 -0.8760 -0.0920 1.0332
0.5400 -0.8760 -0.0920 1.0332
0.5400 -0.8760 -0.0920 1.0332
0.5400 -0.8760 -0.0960 1.0335
0.5480 -0.8760 -0.0960 1.0377
0.5480 -0.8760 -0.0960 1.0377
0.5480 -0.8760 -0.0960 1.0377
0.5480 -0.8760 -0.0960 1.0377
0.5480 -0.8760 -0.0960 1.0377
0.5480 -0.8760 -0.0960 1.0377
0.5480 -0.8760 -0.0960 1.0377
0.5480 -0.8760 -0.0960 1.0377
0.5480 -0.8760 -0.0960 1.0377
0.5480 -0.8760 -0.0960 1.0377
0.5480 -0.8760 -0.0960 1.0377
0.5480 -0.8760 -0.0960 1.0377
0.5480 -0.8760 -0.0960 1.0377
0.5480 -0.8760 -0.0960 1.0377
0.5480 -0.8760 -0.0960 1.0377
0.5480 -0.8760 -0.0960 1.0377
0.5480 -0.8760 -0.0960 1.0377
0.5480 -0.8760 -0.0960 1.0377
0.5480 -0.8760 -0.0960 1.0377
0.5480 -0.8760 -0.0960 1.0377
0.5480 -0.8760 -0.0960 1.0377
0.5480 -0.8760 -0.0960 1.0377
0.5480 -0.8760 -0.0960 1.0377
0.5480 -0.8760 -0.0960 1.0377
0.5480 -0.8760 -0.0960 1.0377
0.5480 -0.8760 -0.0960 1.0377
0.5480 -0.8760 -0.0960 1.0377
0.5480 -0.8760 -0.0960 1.0377
0.5480 -0.8760 -0.0960 1.0377
0.5480 -0.8760 -0.0960 1.0377
0.5480 -0.8760 -0.0960 1.0377
0.5480 -0.8760 -0.0960 1.0377
0.5440 -0.8760 -0.0960 1.0356
0.5440 -0.8760 -0.0960 1.0356
0.5440 -0.8760 -0.0960 1.0356
0.5440 -0.8760 -0.0960 1.0356
0.5440 -0.8760 -0.0960 1.0356
0.5440 -0.8760 -0.0960 1.0356
0.5440 -0.8760 -0.0960 1.0356
0.5440 -0.8760 -0.0960 1.0356
0.5440 -0.8760 -0.0960 1.0356
0.5440 -0.8760 -0.0960 1.0356
0.5440 -0.8760 -0.0960 1.0356
0.5440 -0.8760 -0.0960 1.0356
0.5440 -0.8760 -0.0960 1.0356
0.5440 -0.8760 -0.0960 1.0356
0.5440 -0.8760 -0.0960 1.0356
0.5440 -0.8760 -0.0960 1.0356
0.5440 -0.8760 -0.0960 1.0356
0.5440 -0.8760 -0.0960 1.0356
0.5440 -0.8760 -0.0960 1.0356
0.5440 -0.8760 -0.0960 1.0356
0.5440 -0.8760 -0.0960 1.0356
0.5440 -0.8760 -0.0960 1.0356
0.5440 -0.8760 -0.0960 1.0356
0.5440 -0.8760 -0.0960 1.0356
0.5440 -0.8760 -0.0960 1.0356
0.5440 -0.8760 -0.0960 1.0356
0.5440 -0.8760 -0.0960 1.0356
0.5440 -0.8760 -0.0960 1.0356
0.5440 -0.8760 -0.0960 1.0356
0.5440 -0.8760 -0.0960 1.0356
0.5440 -0.8760 -0.0960 1.0356
0.5440 -0.8760 -0.0960 1.0356
0.5480 -0.8680 -0.0960 1.0310
0.5480 -0.8680 -0.0960 1.0310
0.5480 -0.8680 -0.0960 1.0310
0.5480 -0.8680 -0.0960 1.0310
0.5480 -0.8680 -0.0960 1.0310
0.5480 -0.8680 -0.0960 1.0310
0.5480 -0.8680 -0.0960 1.0310
0.5480 -0.8680 -0.0960 1.0310
0.5480 -0.8680 -0.0960 1.0310
0.5480 -0.8680 -0.0960 1.0310
0.5480 -0.8680 -0.0960 1.0310
0.5480 -0.8680 -0.0960 1.0310
0.5480 -0.8680 -0.0960 1.0310
0.5480 -0.8680 -0.0960 1.0310
0.5480 -0.8680 -0.0960 1.0310
0.5480 -0.8680 -0.0960 1.0310
0.5480 -0.8680 -0.0960 1.0310
0.5480 -0.8680 -0.0960 1.0310
0.5480 -0.8680 -0.0960 1.0310
0.5480 -0.8680 -0.0960 1.0310
0.5480 -0.8680 -0.0960 1.0310
0.5480 -0.8680 -0.0960 1.0310
0.5480 -0.8680 -0.0960 1.0310
0.5480 -0.8680 -0.0960 1.0310
0.5480 -0.8680 -0.0960 1.0310
0.5480 -0.8680 -0.0960 1.0310
0.5480 -0.8680 -0.0960 1.0310
0.5480 -0.8680 -0.0960 1.0310
0.5480 -0.8680 -0.0960 1.0310
0.5480 -0.8680 -0.0960 1.0310
0.5480 -0.8680 -0.0960 1.0310
0.5480 -0.8680 -0.0920 1.0306
0.5440 -0.8680 -0.0920 1.0285
0.5440 -0.8680 -0.0920 1.0285
0.5440 -0.8680 -0.0920 1.0285
0.5440 -0.8680 -0.0920 1.0285
0.5440 -0.8680 -0.0920 1.0285
0.5440 -0.8680 -0.0920 1.0285
0.5440 -0.8680 -0.0920 1.0285
0.5440 -0.8680 -0.0920 1.0285
0.5440 -0.8680 -0.0920 1.0285
0.5440 -0.8680 -0.0920 1.0285
0.5440 -0.8680 -0.0920 1.0285
0.5440 -0.8680 -0.0920 1.0285
0.5440 -0.8680 -0.0920 1.0285
0.5440 -0.8680 -0.0920 1.0285
0.5440 -0.8680 -0.0920 1.0285
0.5440 -0.8680 -0.0920 1.0285
0.5440 -0.8680 -0.0920 1.0285
0.5440 -0.8680 -0.0920 1.0285
0.5440 -0.8680 -0.0920 1.0285
0.5440 -0.8680 -0.0920 1.0285
0.5440 -0.8680 -0.0920 1.0285
0.5440 -0.8680 -0.0920 1.0285
0.5440 -0.8680 -0.0920 1.0285
0.5440 -0.8680 -0.0920 1.0285
0.5440 -0.8680 -0.0920 1.0285
0.5440 -0.8680 -0.0920 1.0285
0.5440 -0.8680 -0.0920 1.0285
0.5440 -0.8680 -0.0920 1.0285
0.5440 -0.8680 -0.0920 1.0285
0.5440 -0.8680 -0.0920 1.0285
0.5440 -0.8680 -0.0920 1.0285
0.5440 -0.8680 -0.0920 1.0285
0.5640 -0.8680 -0.0920 1.0392
0.5640 -0.8680 -0.0920 1.0392
0.5640 -0.8680 -0.0920 1.0392
0.5640 -0.8680 -0.0920 1.0392
0.5640 -0.8680 -0.0920 1.0392
0.5640 -0.8680 -0.0920 1.0392
0.5640 -0.8680 -0.0920 1.0392
0.5640 -0.8680 -0.0920 1.0392
0.5640 -0.8680 -0.0920 1.0392
0.5640 -0.8680 -0.0920 1.0392
0.5640 -0.8680 -0.0920 1.0392
0.5640 -0.8680 -0.0920 1.0392
0.5640 -0.8680 -0.0920 1.0392
0.5640 -0.8680 -0.0920 1.0392
0.5640 -0.8680 -0.0920 1.0392
0.5640 -0.8680 -0.0920 1.0392
0.5640 -0.8680 -0.0920 1.0392
0.5640 -0.8680 -0.0920 1.0392
0.5640 -0.8680 -0.0920 1.0392
0.5640 -0.8680 -0.0920 1.0392
0.5640 -0.8680 -0.0920 1.0392
0.5640 -0.8680 -0.0920 1.0392
0.5640 -0.8680 -0.0920 1.0392
0.5640 -0.8680 -0.0920 1.0392
0.5640 -0.8680 -0.0920 1.0392
0.5640 -0.8680 -0.0920 1.0392
0.5640 -0.8680 -0.0920 1.0392
0.5640 -0.8680 -0.0920 1.0392
0.5640 -0.8680 -0.0920 1.0392
0.5640 -0.8680 -0.0920 1.0392
0.5640 -0.8680 -0.0920 1.0392
0.5640 -0.8680 -0.0920 1.0392
0.5720 -0.8720 -0.1080 1.0484
0.5720 -0.8720 -0.1080 1.0484
0.5720 -0.8720 -0.1080 1.0484
0.5720 -0.8720 -0.1080 1.0484
0.5720 -0.8720 -0.1080 1.0484
0.5720 -0.8720 -0.1080 1.0484
0.5720 -0.8720 -0.1080 1.0484
0.5720 -0.8720 -0.1080 1.0484
0.5720 -0.8720 -0.1080 1.0484
0.5720 -0.8720 -0.1080 1.0484
0.5720 -0.8720 -0.1080 1.0484
0.5720 -0.8720 -0.1080 1.0484
0.5720 -0.8720 -0.1080 1.0484
0.5720 -0.8720 -0.1080 1.0484
0.5720 -0.8720 -0.1080 1.0484
0.5720 -0.8720 -0.1080 1.0484
0.5720 -0.8720 -0.1080 1.0484
0.5720 -0.8720 -0.1080 1.0484
0.5720 -0.8720 -0.1080 1.0484
0.5720 -0.8720 -0.1080 1.0484
0.5720 -0.8720 -0.1080 1.0484
0.5720 -0.8720 -0.1080 1.0484
0.5720 -0.8720 -0.1080 1.0484
0.5720 -0.8720 -0.1080 1.0484
0.5720 -0.8720 -0.1080 1.0484
0.5720 -0.8720 -0.1080 1.0484
0.5720 -0.8720 -0.1080 1.0484
0.5720 -0.8720 -0.1080 1.0484
0.5720 -0.8720 -0.1080 1.0484
0.5720 -0.8720 -0.1080 1.0484
0.5720 -0.8720 -0.1080 1.0484
0.5720 -0.8720 -0.1000 1.0476
0.5520 -0.8680 -0.1000 1.0335
0.5520 -0.8680 -0.1000 1.0335
0.5520 -0.8680 -0.1000 1.0335
0.5520 -0.8680 -0.1000 1.0335
0.5520 -0.8680 -0.1000 1.0335
0.5520 -0.8680 -0.1000 1.0335
0.5520 -0.8680 -0.1000 1.0335
0.5520 -0.8680 -0.1000 1.0335
0.5520 -0.8680 -0.1000 1.0335
0.5520 -0.8680 -0.1000 1.0335
0.5520 -0.8680 -0.1000 1.0335
0.5520 -0.8680 -0.1000 1.0335
0.5520 -0.8680 -0.1000 1.0335
0.5520 -0.8680 -0.1000 1.0335
0.5520 -0.8680 -0.1000 1.0335
0.5520 -0.8680 -0.1000 1.0335
0.5520 -0.8680 -0.1000 1.0335
0.5520 -0.8680 -0.1000 1.0335
0.5520 -0.8680 -0.1000 1.0335
0.5520 -0.8680 -0.1000 1.0335
0.5520 -0.8680 -0.1000 1.0335
0.5520 -0.8680 -0.1000 1.0335
0.5520 -0.8680 -0.1000 1.0335
0.5520 -0.8680 -0.1000 1.0335
0.5520 -0.8680 -0.1000 1.0335
0.5520 -0.8680 -0.1000 1.0335
0.5520 -0.8680 -0.1000 1.0335
0.5520 -0.8680 -0.1000 1.0335
0.5520 -0.8680 -0.1000 1.0335
0.5520 -0.8680 -0.1000 1.0335
0.5520 -0.8680 -0.1000 1.0335
0.5520 -0.8680 -0.1040 1.0339
0.5520 -0.8800 -0.0880 1.0425
0.5520 -0.8800 -0.0880 1.0425
0.5520 -0.8800 -0.0880 1.0425
0.5520 -0.8800 -0.0880 1.0425
0.5520 -0.8800 -0.0880 1.0425
0.5520 -0.8800 -0.0880 1.0425
0.5520 -0.8800 -0.0880 1.0425
0.5520 -0.8800 -0.0880 1.0425
0.5520 -0.8800 -0.0880 1.0425
0.5520 -0.8800 -0.0880 1.0425
0.5520 -0.8800 -0.0880 1.0425
0.5520 -0.8800 -0.0880 1.0425
0.5520 -0.8800 -0.0880 1.0425
0.5520 -0.8800 -0.0880 1.0425
0.5520 -0.8800 -0.0880 1.0425
0.5520 -0.8800 -0.0880 1.0425
0.5520 -0.8800 -0.0880 1.0425
0.5520 -0.8800 -0.0880 1.0425
0.5520 -0.8800 -0.0880 1.0425
0.5520 -0.8800 -0.0880 1.0425
0.5520 -0.8800 -0.0880 1.0425
0.5520 -0.8800 -0.0880 1.0425
0.5520 -0.8800 -0.0880 1.0425
0.5520 -0.8800 -0.0880 1.0425
0.5520 -0.8800 -0.0880 1.0425
0.5520 -0.8800 -0.0880 1.0425
0.5520 -0.8800 -0.0880 1.0425
0.5520 -0.8800 -0.0880 1.0425
0.5520 -0.8800 -0.0880 1.0425
0.5520 -0.8800 -0.0880 1.0425
0.5520 -0.8800 -0.0880 1.0425
0.5520 -0.8800 -0.0920 1.0429
0.5440 -0.8720 -0.0920 1.0319
0.5440 -0.8720 -0.0920 1.0319
0.5440 -0.8720 -0.0920 1.0319
0.5440 -0.8720 -0.0920 1.0319
0.5440 -0.8720 -0.0920 1.0319
0.5440 -0.8720 -0.0920 1.0319
0.5440 -0.8720 -0.0920 1.0319
0.5440 -0.8720 -0.0920 1.0319
0.5440 -0.8720 -0.0920 1.0319
0.5440 -0.8720 -0.0920 1.0319
0.5440 -0.8720 -0.0920 1.0319
0.5440 -0.8720 -0.0920 1.0319
0.5440 -0.8720 -0.0920 1.0319
0.5440 -0.8720 -0.0920 1.0319
0.5440 -0.8720 -0.0920 1.0319
0.5440 -0.8720 -0.0920 1.0319
0.5440 -0.8720 -0.0920 1.0319
0.5440 -0.8720 -0.0920 1.0319
0.5440 -0.8720 -0.0920 1.0319
0.5440 -0.8720 -0.0920 1.0319
0.5440 -0.8720 -0.0920 1.0319
0.5440 -0.8720 -0.0920 1.0319
0.5440 -0.8720 -0.0920 1.0319
0.5440 -0.8720 -0.0920 1.0319
0.5440 -0.8720 -0.0920 1.0319
0.5440 -0.8720 -0.0920 1.0319
0.5440 -0.8720 -0.0920 1.0319
0.5440 -0.8720 -0.0920 1.0319
0.5440 -0.8720 -0.0920 1.0319
0.5440 -0.8720 -0.0920 1.0319
0.5440 -0.8720 -0.0920 1.0319
0.5440 -0.8720 -0.0880 1.0315
0.5520 -0.8800 -0.1040 1.0440
0.5520 -0.8800 -0.1040 1.0440
0.5520 -0.8800 -0.1040 1.0440
0.5520 -0.8800 -0.1040 1.0440
0.5520 -0.8800 -0.1040 1.0440
0.5520 -0.8800 -0.1040 1.0440
0.5520 -0.8800 -0.1040 1.0440
0.5520 -0.8800 -0.1040 1.0440
0.5520 -0.8800 -0.1040 1.0440
0.5520 -0.8800 -0.1040 1.0440
0.5520 -0.8800 -0.1040 1.0440
0.5520 -0.8800 -0.1040 1.0440
0.5520 -0.8800 -0.1040 1.0440
0.5520 -0.8800 -0.1040 1.0440
0.5520 -0.8800 -0.1040 1.0440
0.5520 -0.8800 -0.1040 1.0440
0.5520 -0.8800 -0.1040 1.0440
0.5520 -0.8800 -0.1040 1.0440
0.5520 -0.8800 -0.1040 1.0440
0.5520 -0.8800 -0.1040 1.0440
0.5520 -0.8800 -0.1040 1.0440
0.5520 -0.8800 -0.1040 1.0440
0.5520 -0.8800 -0.1040 1.0440
0.5520 -0.8800 -0.1040 1.0440
0.5520 -0.8800 -0.1040 1.0440
0.5520 -0.8800 -0.1040 1.0440
0.5520 -0.8800 -0.1040 1.0440
0.5520 -0.8800 -0.1040 1.0440
0.5520 -0.8800 -0.1040 1.0440
0.5520 -0.8800 -0.1040 1.0440
0.5520 -0.8800 -0.1040 1.0440
0.5520 -0.8800 -0.1120 1.0448
0.5320 -0.8800 -0.0800 1.0314
0.5320 -0.8800 -0.0800 1.0314
0.5320 -0.8800 -0.0800 1.0314
0.5320 -0.8800 -0.0800 1.0314
0.5320 -0.8800 -0.0800 1.0314
0.5320 -0.8800 -0.0800 1.0314
0.5320 -0.8800 -0.0800 1.0314
0.5320 -0.8800 -0.0800 1.0314
0.5320 -0.8800 -0.0800 1.0314
0.5320 -0.8800 -0.0800 1.0314
0.5320 -0.8800 -0.0800 1.0314
0.5320 -0.8800 -0.0800 1.0314
0.5320 -0.8800 -0.0800 1.0314
0.5320 -0.8800 -0.0800 1.0314
0.5320 -0.8800 -0.0800 1.0314
0.5320 -0.8800 -0.0800 1.0314
0.5320 -0.8800 -0.0800 1.0314
0.5320 -0.8800 -0.0800 1.0314
0.5320 -0.8800 -0.0800 1.0314
0.5320 -0.8800 -0.0800 1.0314
0.5320 -0.8800 -0.0800 1.0314
0.5320 -0.8800 -0.0800 1.0314
0.5320 -0.8800 -0.0800 1.0314
0.5320 -0.8800 -0.0800 1.0314
0.5320 -0.8800 -0.0800 1.0314
0.5320 -0.8800 -0.0800 1.0314
0.5320 -0.8800 -0.0800 1.0314
0.5320 -0.8800 -0.0800 1.0314
0.5320 -0.8800 -0.0800 1.0314
0.5320 -0.8800 -0.0800 1.0314
0.5320 -0.8800 -0.0800 1.0314
0.5320 -0.8800 -0.0800 1.0314
0.5440 -0.8680 -0.0960 1.0289
0.5440 -0.8680 -0.0960 1.0289
0.5440 -0.8680 -0.0960 1.0289
0.5440 -0.8680 -0.0960 1.0289
0.5440 -0.8680 -0.0960 1.0289
0.5440 -0.8680 -0.0960 1.0289
0.5440 -0.8680 -0.0960 1.0289
0.5440 -0.8680 -0.0960 1.0289
0.5440 -0.8680 -0.0960 1.0289
0.5440 -0.8680 -0.0960 1.0289
0.5440 -0.8680 -0.0960 1.0289
0.5440 -0.8680 -0.0960 1.0289
0.5440 -0.8680 -0.0960 1.0289
0.5440 -0.8680 -0.0960 1.0289
0.5440 -0.8680 -0.0960 1.0289
0.5440 -0.8680 -0.0960 1.0289
0.5440 -0.8680 -0.0960 1.0289
0.5440 -0.8680 -0.0960 1.0289
0.5440 -0.8680 -0.0960 1.0289
0.5440 -0.8680 -0.0960 1.0289
0.5440 -0.8680 -0.0960 1.0289
0.5440 -0.8680 -0.0960 1.0289
0.5440 -0.8680 -0.0960 1.0289
0.5440 -0.8680 -0.0960 1.0289
0.5440 -0.8680 -0.0960 1.0289
0.5440 -0.8680 -0.0960 1.0289
0.5440 -0.8680 -0.0960 1.0289
0.5440 -0.8680 -0.0960 1.0289
0.5440 -0.8680 -0.0960 1.0289
0.5440 -0.8680 -0.0960 1.0289
0.5440 -0.8680 -0.0960 1.0289
0.5440 -0.8680 -0.0960 1.0289
0.5480 -0.8680 -0.0960 1.0310
0.5480 -0.8680 -0.0960 1.0310
0.5480 -0.8680 -0.0960 1.0310
0.5480 -0.8680 -0.0960 1.0310
0.5480 -0.8680 -0.0960 1.0310
0.5480 -0.8680 -0.0960 1.0310
0.5480 -0.8680 -0.0960 1.0310
0.5480 -0.8680 -0.0960 1.0310
0.5480 -0.8680 -0.0960 1.0310
0.5480 -0.8680 -0.0960 1.0310
0.5480 -0.8680 -0.0960 1.0310
0.5480 -0.8680 -0.0960 1.0310
0.5480 -0.8680 -0.0960 1.0310
0.5480 -0.8680 -0.0960 1.0310
0.5480 -0.8680 -0.0960 1.0310
0.5480 -0.8680 -0.0960 1.0310
0.5480 -0.8680 -0.0960 1.0310
0.5480 -0.8680 -0.0960 1.0310
0.5480 -0.8680 -0.0960 1.0310
0.5480 -0.8680 -0.0960 1.0310
0.5480 -0.8680 -0.0960 1.0310
0.5480 -0.8680 -0.0960 1.0310
0.5480 -0.8680 -0.0960 1.0310
0.5480 -0.8680 -0.0960 1.0310
0.5480 -0.8680 -0.0960 1.0310
0.5480 -0.8680 -0.0960 1.0310
0.5480 -0.8680 -0.0960 1.0310
0.5480 -0.8680 -0.0960 1.0310
0.5480 -0.8680 -0.0960 1.0310
0.5480 -0.8680 -0.0960 1.0310
0.5480 -0.8680 -0.0960 1.0310
0.5480 -0.8680 -0.0960 1.0310
0.5440 -0.8680 -0.0960 1.0289
0.5440 -0.8680 -0.0960 1.0289
0.5440 -0.8680 -0.0960 1.0289
0.5440 -0.8680 -0.0960 1.0289
0.5440 -0.8680 -0.0960 1.0289
0.5440 -0.8680 -0.0960 1.0289
0.5440 -0.8680 -0.0960 1.0289
0.5440 -0.8680 -0.0960 1.0289
0.5440 -0.8680 -0.0960 1.0289
0.5440 -0.8680 -0.0960 1.0289
0.5440 -0.8680 -0.0960 1.0289
0.5440 -0.8680 -0.0960 1.0289
0.5440 -0.8680 -0.0960 1.0289
0.5440 -0.8680 -0.0960 1.0289
0.5440 -0.8680 -0.0960 1.0289
0.5440 -0.8680 -0.0960 1.0289
0.5440 -0.8680 -0.0960 1.0289
0.5440 -0.8680 -0.0960 1.0289
0.5440 -0.8680 -0.0960 1.0289
0.5440 -0.8680 -0.0960 1.0289
0.5440 -0.8680 -0.0960 1.0289
0.5440 -0.8680 -0.0960 1.0289
0.5440 -0.8680 -0.0960 1.0289
0.5440 -0.8680 -0.0960 1.0289
0.5440 -0.8680 -0.0960 1.0289
0.5440 -0.8680 -0.0960 1.0289
0.5440 -0.8680 -0.0960 1.0289
0.5440 -0.8680 -0.0960 1.0289
0.5440 -0.8680 -0.0960 1.0289
0.5440 -0.8680 -0.0960 1.0289
0.5440 -0.8680 -0.0960 1.0289
0.5440 -0.8680 -0.0840 1.0278
0.5440 -0.8720 -0.0840 1.0312
0.5440 -0.8720 -0.0840 1.0312
0.5440 -0.8720 -0.0840 1.0312
0.5440 -0.8720 -0.0840 1.0312
0.5440 -0.8720 -0.0840 1.0312
0.5440 -0.8720 -0.0840 1.0312
0.5440 -0.8720 -0.0840 1.0312
0.5440 -0.8720 -0.0840 1.0312
0.5440 -0.8720 -0.0840 1.0312
0.5440 -0.8720 -0.0840 1.0312
0.5440 -0.8720 -0.0840 1.0312
0.5440 -0.8720 -0.0840 1.0312
0.5440 -0.8720 -0.0840 1.0312
0.5440 -0.8720 -0.0840 1.0312
0.5440 -0.8720 -0.0840 1.0312
0.5440 -0.8720 -0.0840 1.0312
0.5440 -0.8720 -0.0840 1.0312
0.5440 -0.8720 -0.0840 1.0312
0.5440 -0.8720 -0.0840 1.0312
0.5440 -0.8720 -0.0840 1.0312
0.5440 -0.8720 -0.0840 1.0312
0.5440 -0.8720 -0.0840 1.0312
0.5440 -0.8720 -0.0840 1.0312
0.5440 -0.8720 -0.0840 1.0312
0.5440 -0.8720 -0.0840 1.0312
0.5440 -0.8720 -0.0840 1.0312
0.5440 -0.8720 -0.0840 1.0312
0.5440 -0.8720 -0.0840 1.0312
0.5440 -0.8720 -0.0840 1.0312
0.5440 -0.8720 -0.0840 1.0312
0.5440 -0.8720 -0.0840 1.0312
0.5440 -0.8720 -0.0960 1.0322
0.5640 -0.8720 -0.0960 1.0429
0.5640 -0.8720 -0.0960 1.0429
0.5640 -0.8720 -0.0960 1.0429
0.5640 -0.8720 -0.0960 1.0429
0.5640 -0.8720 -0.0960 1.0429
0.5640 -0.8720 -0.0960 1.0429
0.5640 -0.8720 -0.0960 1.0429
0.5640 -0.8720 -0.0960 1.0429
0.5640 -0.8720 -0.0960 1.0429
0.5640 -0.8720 -0.0960 1.0429
0.5640 -0.8720 -0.0960 1.0429
0.5640 -0.8720 -0.0960 1.0429
0.5640 -0.8720 -0.0960 1.0429
0.5640 -0.8720 -0.0960 1.0429
0.5640 -0.8720 -0.0960 1.0429
0.5640 -0.8720 -0.0960 1.0429
0.5640 -0.8720 -0.0960 1.0429
0.5640 -0.8720 -0.0960 1.0429
0.5640 -0.8720 -0.0960 1.0429
0.5640 -0.8720 -0.0960 1.0429
0.5640 -0.8720 -0.0960 1.0429
0.5640 -0.8720 -0.0960 1.0429
0.5640 -0.8720 -0.0960 1.0429
0.5640 -0.8720 -0.0960 1.0429
0.5640 -0.8720 -0.0960 1.0429
0.5640 -0.8720 -0.0960 1.0429
0.5640 -0.8720 -0.0960 1.0429
0.5640 -0.8720 -0.0960 1.0429
0.5640 -0.8720 -0.0960 1.0429
0.5640 -0.8720 -0.0960 1.0429
0.5640 -0.8720 -0.0960 1.0429
0.5640 -0.8720 -0.0960 1.0429
0.5680 -0.8800 -0.0960 1.0518
0.5680 -0.8800 -0.0960 1.0518
0.5680 -0.8800 -0.0960 1.0518
0.5680 -0.8800 -0.0960 1.0518
0.5680 -0.8800 -0.0960 1.0518
0.5680 -0.8800 -0.0960 1.0518
0.5680 -0.8800 -0.0960 1.0518
0.5680 -0.8800 -0.0960 1.0518
0.5680 -0.8800 -0.0960 1.0518
0.5680 -0.8800 -0.0960 1.0518
0.5680 -0.8800 -0.0960 1.0518
0.5680 -0.8800 -0.0960 1.0518
0.5680 -0.8800 -0.0960 1.0518
0.5680 -0.8800 -0.0960 1.0518
0.5680 -0.8800 -0.0960 1.0518
0.5680 -0.8800 -0.0960 1.0518
0.5680 -0.8800 -0.0960 1.0518
0.5680 -0.8800 -0.0960 1.0518
0.5680 -0.8800 -0.0960 1.0518
0.5680 -0.8800 -0.0960 1.0518
0.5680 -0.8800 -0.0960 1.0518
0.5680 -0.8800 -0.0960 1.0518
0.5680 -0.8800 -0.0960 1.0518
0.5680 -0.8800 -0.0960 1.0518
0.5680 -0.8800 -0.0960 1.0518
0.5680 -0.8800 -0.0960 1.0518
0.5680 -0.8800 -0.0960 1.0518
0.5680 -0.8800 -0.0960 1.0518
0.5680 -0.8800 -0.0960 1.0518
0.5680 -0.8800 -0.0960 1.0518
0.5680 -0.8800 -0.0960 1.0518
0.5680 -0.8800 -0.0880 1.0511
0.5520 -0.8800 -0.0880 1.0425
0.5520 -0.8800 -0.0880 1.0425
0.5520 -0.8800 -0.0880 1.0425
0.5520 -0.8800 -0.0880 1.0425
0.5520 -0.8800 -0.0880 1.0425
0.5520 -0.8800 -0.0880 1.0425
0.5520 -0.8800 -0.0880 1.0425
0.5520 -0.8800 -0.0880 1.0425
0.5520 -0.8800 -0.0880 1.0425
0.5520 -0.8800 -0.0880 1.0425
0.5520 -0.8800 -0.0880 1.0425
0.5520 -0.8800 -0.0880 1.0425
0.5520 -0.8800 -0.0880 1.0425
0.5520 -0.8800 -0.0880 1.0425
0.5520 -0.8800 -0.0880 1.0425
0.5520 -0.8800 -0.0880 1.0425
0.5520 -0.8800 -0.0880 1.0425
0.5520 -0.8800 -0.0880 1.0425
0.5520 -0.8800 -0.0880 1.0425
0.5520 -0.8800 -0.0880 1.0425
0.5520 -0.8800 -0.0880 1.0425
0.5520 -0.8800 -0.0880 1.0425
0.5520 -0.8800 -0.0880 1.0425
0.5520 -0.8800 -0.0880 1.0425
0.5520 -0.8800 -0.0880 1.0425
0.5520 -0.8800 -0.0880 1.0425
0.5520 -0.8800 -0.0880 1.0425
0.5520 -0.8800 -0.0880 1.0425
0.5520 -0.8800 -0.0880 1.0425
0.5520 -0.8800 -0.0880 1.0425
0.5520 -0.8800 -0.0880 1.0425
0.5520 -0.8800 -0.0920 1.0429
0.5520 -0.8760 -0.0920 1.0395
0.5520 -0.8760 -0.0920 1.0395
0.5520 -0.8760 -0.0920 1.0395
0.5520 -0.8760 -0.0920 1.0395
0.5520 -0.8760 -0.0920 1.0395
0.5520 -0.8760 -0.0920 1.0395
0.5520 -0.8760 -0.0920 1.0395
0.5520 -0.8760 -0.0920 1.0395
0.5520 -0.8760 -0.0920 1.0395
0.5520 -0.8760 -0.0920 1.0395
0.5520 -0.8760 -0.0920 1.0395
0.5520 -0.8760 -0.0920 1.0395
0.5520 -0.8760 -0.0920 1.0395
0.5520 -0.8760 -0.0920 1.0395
0.5520 -0.8760 -0.0920 1.0395
0.5520 -0.8760 -0.0920 1.0395
0.5520 -0.8760 -0.0920 1.0395
0.5520 -0.8760 -0.0920 1.0395
0.5520 -0.8760 -0.0920 1.0395
0.5520 -0.8760 -0.0920 1.0395
0.5520 -0.8760 -0.0920 1.0395
0.5520 -0.8760 -0.0920 1.0395
0.5520 -0.8760 -0.0920 1.0395
0.5520 -0.8760 -0.0920 1.0395
0.5520 -0.8760 -0.0920 1.0395
0.5520 -0.8760 -0.0920 1.0395
0.5520 -0.8760 -0.0920 1.0395
0.5520 -0.8760 -0.0920 1.0395
0.5520 -0.8760 -0.0920 1.0395
0.5520 -0.8760 -0.0920 1.0395
0.5520 -0.8760 -0.0920 1.0395
0.5520 -0.8760 -0.0920 1.0395
0.5520 -0.8760 -0.0760 1.0382
0.5520 -0.8760 -0.0760 1.0382
0.5520 -0.8760 -0.0760 1.0382
0.5520 -0.8760 -0.0760 1.0382
0.5520 -0.8760 -0.0760 1.0382
0.5520 -0.8760 -0.0760 1.0382
0.5520 -0.8760 -0.0760 1.0382
0.5520 -0.8760 -0.0760 1.0382
0.5520 -0.8760 -0.0760 1.0382
0.5520 -0.8760 -0.0760 1.0382
0.5520 -0.8760 -0.0760 1.0382
0.5520 -0.8760 -0.0760 1.0382
0.5520 -0.8760 -0.0760 1.0382
0.5520 -0.8760 -0.0760 1.0382
0.5520 -0.8760 -0.0760 1.0382
0.5520 -0.8760 -0.0760 1.0382
0.5520 -0.8760 -0.0760 1.0382
0.5520 -0.8760 -0.0760 1.0382
0.5520 -0.8760 -0.0760 1.0382
0.5520 -0.8760 -0.0760 1.0382
0.5520 -0.8760 -0.0760 1.0382
0.5520 -0.8760 -0.0760 1.0382
0.5520 -0.8760 -0.0760 1.0382
0.5520 -0.8760 -0.0760 1.0382
0.5520 -0.8760 -0.0760 1.0382
0.5520 -0.8760 -0.0760 1.0382
0.5520 -0.8760 -0.0760 1.0382
0.5520 -0.8760 -0.0760 1.0382
0.5520 -0.8760 -0.0760 1.0382
0.5520 -0.8760 -0.0760 1.0382
0.5520 -0.8760 -0.0760 1.0382
0.5520 -0.8760 -0.0680 1.0376
0.5360 -0.8800 -0.0840 1.0338
0.5360 -0.8800 -0.0840 1.0338
0.5360 -0.8800 -0.0840 1.0338
0.5360 -0.8800 -0.0840 1.0338
0.5360 -0.8800 -0.0840 1.0338
0.5360 -0.8800 -0.0840 1.0338
0.5360 -0.8800 -0.0840 1.0338
0.5360 -0.8800 -0.0840 1.0338
0.5360 -0.8800 -0.0840 1.0338
0.5360 -0.8800 -0.0840 1.0338
0.5360 -0.8800 -0.0840 1.0338
0.5360 -0.8800 -0.0840 1.0338
0.5360 -0.8800 -0.0840 1.0338
0.5360 -0.8800 -0.0840 1.0338
0.5360 -0.8800 -0.0840 1.0338
0.5360 -0.8800 -0.0840 1.0338
0.5360 -0.8800 -0.0840 1.0338
0.5360 -0.8800 -0.0840 1.0338
0.5360 -0.8800 -0.0840 1.0338
0.5360 -0.8800 -0.0840 1.0338
0.5360 -0.8800 -0.0840 1.0338
0.5360 -0.8800 -0.0840 1.0338
0.5360 -0.8800 -0.0840 1.0338
0.5360 -0.8800 -0.0840 1.0338
0.5360 -0.8800 -0.0840 1.0338
0.5360 -0.8800 -0.0840 1.0338
0.5360 -0.8800 -0.0840 1.0338
0.5360 -0.8800 -0.0840 1.0338
0.5360 -0.8800 -0.0840 1.0338
0.5360 -0.8800 -0.0840 1.0338
0.5360 -0.8800 -0.0840 1.0338
0.5360 -0.8800 -0.0880 1.0341
0.5520 -0.8800 -0.0880 1.0425
0.5520 -0.8800 -0.0880 1.0425
0.5520 -0.8800 -0.0880 1.0425
0.5520 -0.8800 -0.0880 1.0425
0.5520 -0.8800 -0.0880 1.0425
0.5520 -0.8800 -0.0880 1.0425
0.5520 -0.8800 -0.0880 1.0425
0.5520 -0.8800 -0.0880 1.0425
0.5520 -0.8800 -0.0880 1.0425
0.5520 -0.8800 -0.0880 1.0425
0.5520 -0.8800 -0.0880 1.0425
0.5520 -0.8800 -0.0880 1.0425
0.5520 -0.8800 -0.0880 1.0425
0.5520 -0.8800 -0.0880 1.0425
0.5520 -0.8800 -0.0880 1.0425
0.5520 -0.8800 -0.0880 1.0425
0.5520 -0.8800 -0.0880 1.0425
0.5520 -0.8800 -0.0880 1.0425
0.5520 -0.8800 -0.0880 1.0425
0.5520 -0.8800 -0.0880 1.0425
0.5520 -0.8800 -0.0880 1.0425
0.5520 -0.8800 -0.0880 1.0425
0.5520 -0.8800 -0.0880 1.0425
0.5520 -0.8800 -0.0880 1.0425
0.5520 -0.8800 -0.0880 1.0425
0.5520 -0.8800 -0.0880 1.0425
0.5520 -0.8800 -0.0880 1.0425
0.5520 -0.8800 -0.0880 1.0425
0.5520 -0.8800 -0.0880 1.0425
0.5520 -0.8800 -0.0880 1.0425
0.5520 -0.8800 -0.0880 1.0425
0.5520 -0.8800 -0.0960 1.0432
0.5480 -0.8760 -0.0960 1.0377
0.5480 -0.8760 -0.0960 1.0377
0.5480 -0.8760 -0.0960 1.0377
0.5480 -0.8760 -0.0960 1.0377
0.5480 -0.8760 -0.0960 1.0377
0.5480 -0.8760 -0.0960 1.0377
0.5480 -0.8760 -0.0960 1.0377
0.5480 -0.8760 -0.0960 1.0377
0.5480 -0.8760 -0.0960 1.0377
0.5480 -0.8760 -0.0960 1.0377
0.5480 -0.8760 -0.0960 1.0377
0.5480 -0.8760 -0.0960 1.0377
0.5480 -0.8760 -0.0960 1.0377
0.5480 -0.8760 -0.0960 1.0377
0.5480 -0.8760 -0.0960 1.0377
0.5480 -0.8760 -0.0960 1.0377
0.5480 -0.8760 -0.0960 1.0377
0.5480 -0.8760 -0.0960 1.0377
0.5480 -0.8760 -0.0960 1.0377
0.5480 -0.8760 -0.0960 1.0377
0.5480 -0.8760 -0.0960 1.0377
0.5480 -0.8760 -0.0960 1.0377
0.5480 -0.8760 -0.0960 1.0377
0.5480 -0.8760 -0.0960 1.0377
0.5480 -0.8760 -0.0960 1.0377
0.5480 -0.8760 -0.0960 1.0377
0.5480 -0.8760 -0.0960 1.0377
0.5480 -0.8760 -0.0960 1.0377
0.5480 -0.8760 -0.0960 1.0377
0.5480 -0.8760 -0.0960 1.0377
0.5480 -0.8760 -0.0960 1.0377
0.5480 -0.8760 -0.0920 1.0374
0.5440 -0.8760 -0.0920 1.0353
0.5440 -0.8760 -0.0920 1.0353
0.5440 -0.8760 -0.0920 1.0353
0.5440 -0.8760 -0.0920 1.0353
0.5440 -0.8760 -0.0920 1.0353
0.5440 -0.8760 -0.0920 1.0353
0.5440 -0.8760 -0.0920 1.0353
0.5440 -0.8760 -0.0920 1.0353
0.5440 -0.8760 -0.0920 1.0353
0.5440 -0.8760 -0.0920 1.0353
0.5440 -0.8760 -0.0920 1.0353
0.5440 -0.8760 -0.0920 1.0353
0.5440 -0.8760 -0.0920 1.0353
0.5440 -0.8760 -0.0920 1.0353
0.5440 -0.8760 -0.0920 1.0353
0.5440 -0.8760 -0.0920 1.0353
0.5440 -0.8760 -0.0920 1.0353
0.5440 -0.8760 -0.0920 1.0353
0.5440 -0.8760 -0.0920 1.0353
0.5440 -0.8760 -0.0920 1.0353
0.5440 -0.8760 -0.0920 1.0353
0.5440 -0.8760 -0.0920 1.0353
0.5440 -0.8760 -0.0920 1.0353
0.5440 -0.8760 -0.0920 1.0353
0.5440 -0.8760 -0.0920 1.0353
0.5440 -0.8760 -0.0920 1.0353
0.5440 -0.8760 -0.0920 1.0353
0.5440 -0.8760 -0.0920 1.0353
0.5440 -0.8760 -0.0920 1.0353
0.5440 -0.8760 -0.0920 1.0353
0.5440 -0.8760 -0.0920 1.0353
0.5440 -0.8760 -0.0960 1.0356
0.5480 -0.8760 -0.0960 1.0377
0.5480 -0.8760 -0.0960 1.0377
0.5480 -0.8760 -0.0960 1.0377
0.5480 -0.8760 -0.0960 1.0377
0.5480 -0.8760 -0.0960 1.0377
0.5480 -0.8760 -0.0960 1.0377
0.5480 -0.8760 -0.0960 1.0377
0.5480 -0.8760 -0.0960 1.0377
0.5480 -0.8760 -0.0960 1.0377
0.5480 -0.8760 -0.0960 1.0377
0.5480 -0.8760 -0.0960 1.0377
0.5480 -0.8760 -0.0960 1.0377
0.5480 -0.8760 -0.0960 1.0377
0.5480 -0.8760 -0.0960 1.0377
0.5480 -0.8760 -0.0960 1.0377
0.5480 -0.8760 -0.0960 1.0377
0.5480 -0.8760 -0.0960 1.0377
0.5480 -0.8760 -0.0960 1.0377
0.5480 -0.8760 -0.0960 1.0377
0.5480 -0.8760 -0.0960 1.0377
0.5480 -0.8760 -0.0960 1.0377
0.5480 -0.8760 -0.0960 1.0377
0.5480 -0.8760 -0.0960 1.0377
0.5480 -0.8760 -0.0960 1.0377
0.5480 -0.8760 -0.0960 1.0377
0.5480 -0.8760 -0.0960 1.0377
0.5480 -0.8760 -0.0960 1.0377
0.5480 -0.8760 -0.0960 1.0377
0.5480 -0.8760 -0.0960 1.0377
0.5480 -0.8760 -0.0960 1.0377
0.5480 -0.8760 -0.0960 1.0377
0.5480 -0.8760 -0.0880 1.0370
0.5520 -0.8800 -0.0880 1.0425
0.5520 -0.8800 -0.0880 1.0425
0.5520 -0.8800 -0.0880 1.0425
0.5520 -0.8800 -0.0880 1.0425
0.5520 -0.8800 -0.0880 1.0425
0.5520 -0.8800 -0.0880 1.0425
0.5520 -0.8800 -0.0880 1.0425
0.5520 -0.8800 -0.0880 1.0425
0.5520 -0.8800 -0.0880 1.0425
0.5520 -0.8800 -0.0880 1.0425
0.5520 -0.8800 -0.0880 1.0425
0.5520 -0.8800 -0.0880 1.0425
0.5520 -0.8800 -0.0880 1.0425
0.5520 -0.8800 -0.0880 1.0425
0.5520 -0.8800 -0.0880 1.0425
0.5520 -0.8800 -0.0880 1.0425
0.5520 -0.8800 -0.0880 1.0425
0.5520 -0.8800 -0.0880 1.0425
0.5520 -0.8800 -0.0880 1.0425
0.5520 -0.8800 -0.0880 1.0425
0.5520 -0.8800 -0.0880 1.0425
0.5520 -0.8800 -0.0880 1.0425
0.5520 -0.8800 -0.0880 1.0425
0.5520 -0.8800 -0.0880 1.0425
0.5520 -0.8800 -0.0880 1.0425
0.5520 -0.8800 -0.0880 1.0425
0.5520 -0.8800 -0.0880 1.0425
0.5520 -0.8800 -0.0880 1.0425
0.5520 -0.8800 -0.0880 1.0425
0.5520 -0.8800 -0.0880 1.0425
0.5520 -0.8800 -0.0880 1.0425
0.5520 -0.8800 -0.0880 1.0425
0.5280 -0.8800 -0.0880 1.0300
0.5280 -0.8800 -0.0880 1.0300
0.5280 -0.8800 -0.0880 1.0300
0.5280 -0.8800 -0.0880 1.0300
0.5280 -0.8800 -0.0880 1.0300
0.5280 -0.8800 -0.0880 1.0300
0.5280 -0.8800 -0.0880 1.0300
0.5280 -0.8800 -0.0880 1.0300
0.5280 -0.8800 -0.0880 1.0300
0.5280 -0.8800 -0.0880 1.0300
0.5280 -0.8800 -0.0880 1.0300
0.5280 -0.8800 -0.0880 1.0300
0.5280 -0.8800 -0.0880 1.0300
0.5280 -0.8800 -0.0880 1.0300
0.5280 -0.8800 -0.0880 1.0300
0.5280 -0.8800 -0.0880 1.0300
0.5280 -0.8800 -0.0880 1.0300
0.5280 -0.8800 -0.0880 1.0300
0.5280 -0.8800 -0.0880 1.0300
0.5280 -0.8800 -0.0880 1.0300
0.5280 -0.8800 -0.0880 1.0300
0.5280 -0.8800 -0.0880 1.0300
0.5280 -0.8800 -0.0880 1.0300
0.5280 -0.8800 -0.0880 1.0300
0.5280 -0.8800 -0.0880 1.0300
0.5280 -0.8800 -0.0880 1.0300
0.5280 -0.8800 -0.0880 1.0300
0.5280 -0.8800 -0.0880 1.0300
0.5280 -0.8800 -0.0880 1.0300
0.5280 -0.8800 -0.0880 1.0300
0.5280 -0.8800 -0.0880 1.0300
0.5280 -0.8800 -0.0880 1.0300
0.5360 -0.8800 -0.0880 1.0341
0.5360 -0.8800 -0.0880 1.0341
0.5360 -0.8800 -0.0880 1.0341
0.5360 -0.8800 -0.0880 1.0341
0.5360 -0.8800 -0.0880 1.0341
0.5360 -0.8800 -0.0880 1.0341
0.5360 -0.8800 -0.0880 1.0341
0.5360 -0.8800 -0.0880 1.0341
0.5360 -0.8800 -0.0880 1.0341
0.5360 -0.8800 -0.0880 1.0341
0.5360 -0.8800 -0.0880 1.0341
0.5360 -0.8800 -0.0880 1.0341
0.5360 -0.8800 -0.0880 1.0341
0.5360 -0.8800 -0.0880 1.0341
0.5360 -0.8800 -0.0880 1.0341
0.5360 -0.8800 -0.0880 1.0341
0.5360 -0.8800 -0.0880 1.0341
0.5360 -0.8800 -0.0880 1.0341
0.5360 -0.8800 -0.0880 1.0341
0.5360 -0.8800 -0.0880 1.0341
0.5360 -0.8800 -0.0880 1.0341
0.5360 -0.8800 -0.0880 1.0341
0.5360 -0.8800 -0.0880 1.0341
0.5360 -0.8800 -0.0880 1.0341
0.5360 -0.8800 -0.0880 1.0341
0.5360 -0.8800 -0.0880 1.0341
0.5360 -0.8800 -0.0880 1.0341
0.5360 -0.8800 -0.0880 1.0341
0.5360 -0.8800 -0.0880 1.0341
0.5360 -0.8800 -0.0880 1.0341
0.5360 -0.8800 -0.0880 1.0341
0.5360 -0.8800 -0.0840 1.0338
0.5400 -0.8760 -0.0840 1.0325
0.5400 -0.8760 -0.0840 1.0325
0.5400 -0.8760 -0.0840 1.0325
0.5400 -0.8760 -0.0840 1.0325
0.5400 -0.8760 -0.0840 1.0325
0.5400 -0.8760 -0.0840 1.0325
0.5400 -0.8760 -0.0840 1.0325
0.5400 -0.8760 -0.0840 1.0325
0.5400 -0.8760 -0.0840 1.0325
0.5400 -0.8760 -0.0840 1.0325
0.5400 -0.8760 -0.0840 1.0325
0.5400 -0.8760 -0.0840 1.0325
0.5400 -0.8760 -0.0840 1.0325
0.5400 -0.8760 -0.0840 1.0325
0.5400 -0.8760 -0.0840 1.0325
0.5400 -0.8760 -0.0840 1.0325
0.5400 -0.8760 -0.0840 1.0325
0.5400 -0.8760 -0.0840 1.0325
0.5400 -0.8760 -0.0840 1.0325
0.5400 -0.8760 -0.0840 1.0325
0.5400 -0.8760 -0.0840 1.0325
0.5400 -0.8760 -0.0840 1.0325
0.5400 -0.8760 -0.0840 1.0325
0.5400 -0.8760 -0.0840 1.0325
0.5400 -0.8760 -0.0840 1.0325
0.5400 -0.8760 -0.0840 1.0325
0.5400 -0.8760 -0.0840 1.0325
0.5400 -0.8760 -0.0840 1.0325
0.5400 -0.8760 -0.0840 1.0325
0.5400 -0.8760 -0.0840 1.0325
0.5400 -0.8760 -0.0840 1.0325
0.5400 -0.8760 -0.0960 1.0335
0.5480 -0.8760 -0.0960 1.0377
0.5480 -0.8760 -0.0960 1.0377
0.5480 -0.8760 -0.0960 1.0377
0.5480 -0.8760 -0.0960 1.0377
0.5480 -0.8760 -0.0960 1.0377
0.5480 -0.8760 -0.0960 1.0377
0.5480 -0.8760 -0.0960 1.0377
0.5480 -0.8760 -0.0960 1.0377
0.5480 -0.8760 -0.0960 1.0377
0.5480 -0.8760 -0.0960 1.0377
0.5480 -0.8760 -0.0960 1.0377
0.5480 -0.8760 -0.0960 1.0377
0.5480 -0.8760 -0.0960 1.0377
0.5480 -0.8760 -0.0960 1.0377
0.5480 -0.8760 -0.0960 1.0377
0.5480 -0.8760 -0.0960 1.0377
0.5480 -0.8760 -0.0960 1.0377
0.5480 -0.8760 -0.0960 1.0377
0.5480 -0.8760 -0.0960 1.0377
0.5480 -0.8760 -0.0960 1.0377
0.5480 -0.8760 -0.0960 1.0377
0.5480 -0.8760 -0.0960 1.0377
0.5480 -0.8760 -0.0960 1.0377
0.5480 -0.8760 -0.0960 1.0377
0.5480 -0.8760 -0.0960 1.0377
0.5480 -0.8760 -0.0960 1.0377
0.5480 -0.8760 -0.0960 1.0377
0.5480 -0.8760 -0.0960 1.0377
0.5480 -0.8760 -0.0960 1.0377
0.5480 -0.8760 -0.0960 1.0377
0.5480 -0.8760 -0.0960 1.0377
0.5480 -0.8760 -0.0960 1.0377
0.5480 -0.8760 -0.1120 1.0393
0.5480 -0.8760 -0.1120 1.0393
0.5480 -0.8760 -0.1120 1.0393
0.5480 -0.8760 -0.1120 1.0393
0.5480 -0.8760 -0.1120 1.0393
0.5480 -0.8760 -0.1120 1.0393
0.5480 -0.8760 -0.1120 1.0393
0.5480 -0.8760 -0.1120 1.0393
0.5480 -0.8760 -0.1120 1.0393
0.5480 -0.8760 -0.1120 1.0393
0.5480 -0.8760 -0.1120 1.0393
0.5480 -0.8760 -0.1120 1.0393
0.5480 -0.8760 -0.1120 1.0393
0.5480 -0.8760 -0.1120 1.0393
0.5480 -0.8760 -0.1120 1.0393
0.5480 -0.8760 -0.1120 1.0393
0.5480 -0.8760 -0.1120 1.0393
0.5480 -0.8760 -0.1120 1.0393
0.5480 -0.8760 -0.1120 1.0393
0.5480 -0.8760 -0.1120 1.0393
0.5480 -0.8760 -0.1120 1.0393
0.5480 -0.8760 -0.1120 1.0393
0.5480 -0.8760 -0.1120 1.0393
0.5480 -0.8760 -0.1120 1.0393
0.5480 -0.8760 -0.1120 1.0393
0.5480 -0.8760 -0.1120 1.0393
0.5480 -0.8760 -0.1120 1.0393
0.5480 -0.8760 -0.1120 1.0393
0.5480 -0.8760 -0.1120 1.0393
0.5480 -0.8760 -0.1120 1.0393
0.5480 -0.8760 -0.1120 1.0393
0.5480 -0.8760 -0.1120 1.0393
0.5640 -0.8800 -0.0960 1.0496
0.5640 -0.8800 -0.0960 1.0496
0.5640 -0.8800 -0.0960 1.0496
0.5640 -0.8800 -0.0960 1.0496
0.5640 -0.8800 -0.0960 1.0496
0.5640 -0.8800 -0.0960 1.0496
0.5640 -0.8800 -0.0960 1.0496
0.5640 -0.8800 -0.0960 1.0496
0.5640 -0.8800 -0.0960 1.0496
0.5640 -0.8800 -0.0960 1.0496
0.5640 -0.8800 -0.0960 1.0496
0.5640 -0.8800 -0.0960 1.0496
0.5640 -0.8800 -0.0960 1.0496
0.5640 -0.8800 -0.0960 1.0496
0.5640 -0.8800 -0.0960 1.0496
0.5640 -0.8800 -0.0960 1.0496
0.5640 -0.8800 -0.0960 1.0496
0.5640 -0.8800 -0.0960 1.0496
0.5640 -0.8800 -0.0960 1.0496
0.5640 -0.8800 -0.0960 1.0496
0.5640 -0.8800 -0.0960 1.0496
0.5640 -0.8800 -0.0960 1.0496
0.5640 -0.8800 -0.0960 1.0496
0.5640 -0.8800 -0.0960 1.0496
0.5640 -0.8800 -0.0960 1.0496
0.5640 -0.8800 -0.0960 1.0496
0.5640 -0.8800 -0.0960 1.0496
0.5640 -0.8800 -0.0960 1.0496
0.5640 -0.8800 -0.0960 1.0496
0.5640 -0.8800 -0.0960 1.0496
0.5640 -0.8800 -0.0960 1.0496
0.5640 -0.8800 -0.0920 1.0493
0.5520 -0.8680 -0.0920 1.0328
0.5520 -0.8680 -0.0920 1.0328
0.5520 -0.8680 -0.0920 1.0328
0.5520 -0.8680 -0.0920 1.0328
0.5520 -0.8680 -0.0920 1.0328
0.5520 -0.8680 -0.0920 1.0328
0.5520 -0.8680 -0.0920 1.0328
0.5520 -0.8680 -0.0920 1.0328
0.5520 -0.8680 -0.0920 1.0328
0.5520 -0.8680 -0.0920 1.0328
0.5520 -0.8680 -0.0920 1.0328
0.5520 -0.8680 -0.0920 1.0328
0.5520 -0.8680 -0.0920 1.0328
0.5520 -0.8680 -0.0920 1.0328
0.5520 -0.8680 -0.0920 1.0328
0.5520 -0.8680 -0.0920 1.0328
0.5520 -0.8680 -0.0920 1.0328
0.5520 -0.8680 -0.0920 1.0328
0.5520 -0.8680 -0.0920 1.0328
0.5520 -0.8680 -0.0920 1.0328
0.5520 -0.8680 -0.0920 1.0328
0.5520 -0.8680 -0.0920 1.0328
0.5520 -0.8680 -0.0920 1.0328
0.5520 -0.8680 -0.0920 1.0328
0.5520 -0.8680 -0.0920 1.0328
0.5520 -0.8680 -0.0920 1.0328
0.5520 -0.8680 -0.0920 1.0328
0.5520 -0.8680 -0.0920 1.0328
0.5520 -0.8680 -0.0920 1.0328
0.5520 -0.8680 -0.0920 1.0328
0.5520 -0.8680 -0.0920 1.0328
0.5520 -0.8680 -0.0880 1.0324
0.5480 -0.8720 -0.0720 1.0324
0.5480 -0.8720 -0.0720 1.0324
0.5480 -0.8720 -0.0720 1.0324
0.5480 -0.8720 -0.0720 1.0324
0.5480 -0.8720 -0.0720 1.0324
0.5480 -0.8720 -0.0720 1.0324
0.5480 -0.8720 -0.0720 1.0324
0.5480 -0.8720 -0.0720 1.0324
0.5480 -0.8720 -0.0720 1.0324
0.5480 -0.8720 -0.0720 1.0324
0.5480 -0.8720 -0.0720 1.0324
0.5480 -0.8720 -0.0720 1.0324
0.5480 -0.8720 -0.0720 1.0324
0.5480 -0.8720 -0.0720 1.0324
0.5480 -0.8720 -0.0720 1.0324
0.5480 -0.8720 -0.0720 1.0324
0.5480 -0.8720 -0.0720 1.0324
0.5480 -0.8720 -0.0720 1.0324
0.5480 -0.8720 -0.0720 1.0324
0.5480 -0.8720 -0.0720 1.0324
0.5480 -0.8720 -0.0720 1.0324
0.5480 -0.8720 -0.0720 1.0324
0.5480 -0.8720 -0.0720 1.0324
0.5480 -0.8720 -0.0720 1.0324
0.5480 -0.8720 -0.0720 1.0324
0.5480 -0.8720 -0.0720 1.0324
0.5480 -0.8720 -0.0720 1.0324
0.5480 -0.8720 -0.0720 1.0324
0.5480 -0.8720 -0.0720 1.0324
0.5480 -0.8720 -0.0720 1.0324
0.5480 -0.8720 -0.0720 1.0324
0.5480 -0.8720 -0.0760 1.0327
0.5480 -0.8800 -0.0760 1.0395
0.5480 -0.8800 -0.0760 1.0395
0.5480 -0.8800 -0.0760 1.0395
0.5480 -0.8800 -0.0760 1.0395
0.5480 -0.8800 -0.0760 1.0395
0.5480 -0.8800 -0.0760 1.0395
0.5480 -0.8800 -0.0760 1.0395
0.5480 -0.8800 -0.0760 1.0395
0.5480 -0.8800 -0.0760 1.0395
0.5480 -0.8800 -0.0760 1.0395
0.5480 -0.8800 -0.0760 1.0395
0.5480 -0.8800 -0.0760 1.0395
0.5480 -0.8800 -0.0760 1.0395
0.5480 -0.8800 -0.0760 1.0395
0.5480 -0.8800 -0.0760 1.0395
0.5480 -0.8800 -0.0760 1.0395
0.5480 -0.8800 -0.0760 1.0395
0.5480 -0.8800 -0.0760 1.0395
0.5480 -0.8800 -0.0760 1.0395
0.5480 -0.8800 -0.0760 1.0395
0.5480 -0.8800 -0.0760 1.0395
0.5480 -0.8800 -0.0760 1.0395
0.5480 -0.8800 -0.0760 1.0395
0.5480 -0.8800 -0.0760 1.0395
0.5480 -0.8800 -0.0760 1.0395
0.5480 -0.8800 -0.0760 1.0395
0.5480 -0.8800 -0.0760 1.0395
0.5480 -0.8800 -0.0760 1.0395
0.5480 -0.8800 -0.0760 1.0395
0.5480 -0.8800 -0.0760 1.0395
0.5480 -0.8800 -0.0760 1.0395
0.5480 -0.8800 -0.0760 1.0395
0.5440 -0.8680 -0.0920 1.0285
0.5440 -0.8680 -0.0920 1.0285
0.5440 -0.8680 -0.0920 1.0285
0.5440 -0.8680 -0.0920 1.0285
0.5440 -0.8680 -0.0920 1.0285
0.5440 -0.8680 -0.0920 1.0285
0.5440 -0.8680 -0.0920 1.0285
0.5440 -0.8680 -0.0920 1.0285
0.5440 -0.8680 -0.0920 1.0285
0.5440 -0.8680 -0.0920 1.0285
0.5440 -0.8680 -0.0920 1.0285
0.5440 -0.8680 -0.0920 1.0285
0.5440 -0.8680 -0.0920 1.0285
0.5440 -0.8680 -0.0920 1.0285
0.5440 -0.8680 -0.0920 1.0285
0.5440 -0.8680 -0.0920 1.0285
0.5440 -0.8680 -0.0920 1.0285
0.5440 -0.8680 -0.0920 1.0285
0.5440 -0.8680 -0.0920 1.0285
0.5440 -0.8680 -0.0920 1.0285
0.5440 -0.8680 -0.0920 1.0285
0.5440 -0.8680 -0.0920 1.0285
0.5440 -0.8680 -0.0920 1.0285
0.5440 -0.8680 -0.0920 1.0285
0.5440 -0.8680 -0.0920 1.0285
0.5440 -0.8680 -0.0920 1.0285
0.5440 -0.8680 -0.0920 1.0285
0.5440 -0.8680 -0.0920 1.0285
0.5440 -0.8680 -0.0920 1.0285
0.5440 -0.8680 -0.0920 1.0285
0.5440 -0.8680 -0.0920 1.0285
0.5440 -0.8680 -0.0920 1.0285
0.5640 -0.8720 -0.1080 1.0441
0.5640 -0.8720 -0.1080 1.0441
0.5640 -0.8720 -0.1080 1.0441
0.5640 -0.8720 -0.1080 1.0441
0.5640 -0.8720 -0.1080 1.0441
0.5640 -0.8720 -0.1080 1.0441
0.5640 -0.8720 -0.1080 1.0441
0.5640 -0.8720 -0.1080 1.0441
0.5640 -0.8720 -0.1080 1.0441
0.5640 -0.8720 -0.1080 1.0441
0.5640 -0.8720 -0.1080 1.0441
0.5640 -0.8720 -0.1080 1.0441
0.5640 -0.8720 -0.1080 1.0441
0.5640 -0.8720 -0.1080 1.0441
0.5640 -0.8720 -0.1080 1.0441
0.5640 -0.8720 -0.1080 1.0441
0.5640 -0.8720 -0.1080 1.0441
0.5640 -0.8720 -0.1080 1.0441
0.5640 -0.8720 -0.1080 1.0441
0.5640 -0.8720 -0.1080 1.0441
0.5640 -0.8720 -0.1080 1.0441
0.5640 -0.8720 -0.1080 1.0441
0.5640 -0.8720 -0.1080 1.0441
0.5640 -0.8720 -0.1080 1.0441
0.5640 -0.8720 -0.1080 1.0441
0.5640 -0.8720 -0.1080 1.0441
0.5640 -0.8720 -0.1080 1.0441
0.5640 -0.8720 -0.1080 1.0441
0.5640 -0.8720 -0.1080 1.0441
0.5640 -0.8720 -0.1080 1.0441
0.5640 -0.8720 -0.1080 1.0441
0.5640 -0.8720 -0.1120 1.0445
0.5600 -0.8720 -0.1120 1.0424
0.5600 -0.8720 -0.1120 1.0424
0.5600 -0.8720 -0.1120 1.0424
0.5600 -0.8720 -0.1120 1.0424
0.5600 -0.8720 -0.1120 1.0424
0.5600 -0.8720 -0.1120 1.0424
0.5600 -0.8720 -0.1120 1.0424
0.5600 -0.8720 -0.1120 1.0424
0.5600 -0.8720 -0.1120 1.0424
0.5600 -0.8720 -0.1120 1.0424
0.5600 -0.8720 -0.1120 1.0424
0.5600 -0.8720 -0.1120 1.0424
0.5600 -0.8720 -0.1120 1.0424
0.5600 -0.8720 -0.1120 1.0424
0.5600 -0.8720 -0.1120 1.0424
0.5600 -0.8720 -0.1120 1.0424
0.5600 -0.8720 -0.1120 1.0424
0.5600 -0.8720 -0.1120 1.0424
0.5600 -0.8720 -0.1120 1.0424
0.5600 -0.8720 -0.1120 1.0424
0.5600 -0.8720 -0.1120 1.0424
0.5600 -0.8720 -0.1120 1.0424
0.5600 -0.8720 -0.1120 1.0424
0.5600 -0.8720 -0.1120 1.0424
0.5600 -0.8720 -0.1120 1.0424
0.5600 -0.8720 -0.1120 1.0424
0.5600 -0.8720 -0.1120 1.0424
0.5600 -0.8720 -0.1120 1.0424
0.5600 -0.8720 -0.1120 1.0424
0.5600 -0.8720 -0.1120 1.0424
0.5600 -0.8720 -0.1120 1.0424
0.5600 -0.8720 -0.1000 1.0411
0.5400 -0.8880 -0.1000 1.0441
0.5400 -0.8880 -0.1000 1.0441
0.5400 -0.8880 -0.1000 1.0441
0.5400 -0.8880 -0.1000 1.0441
0.5400 -0.8880 -0.1000 1.0441
0.5400 -0.8880 -0.1000 1.0441
0.5400 -0.8880 -0.1000 1.0441
0.5400 -0.8880 -0.1000 1.0441
0.5400 -0.8880 -0.1000 1.0441
0.5400 -0.8880 -0.1000 1.0441
0.5400 -0.8880 -0.1000 1.0441
0.5400 -0.8880 -0.1000 1.0441
0.5400 -0.8880 -0.1000 1.0441
0.5400 -0.8880 -0.1000 1.0441
0.5400 -0.8880 -0.1000 1.0441
0.5400 -0.8880 -0.1000 1.0441
0.5400 -0.8880 -0.1000 1.0441
0.5400 -0.8880 -0.1000 1.0441
0.5400 -0.8880 -0.1000 1.0441
0.5400 -0.8880 -0.1000 1.0441
0.5400 -0.8880 -0.1000 1.0441
0.5400 -0.8880 -0.1000 1.0441
0.5400 -0.8880 -0.1000 1.0441
0.5400 -0.8880 -0.1000 1.0441
0.5400 -0.8880 -0.1000 1.0441
0.5400 -0.8880 -0.1000 1.0441
0.5400 -0.8880 -0.1000 1.0441
0.5400 -0.8880 -0.1000 1.0441
0.5400 -0.8880 -0.1000 1.0441
0.5400 -0.8880 -0.1000 1.0441
0.5400 -0.8880 -0.1000 1.0441
0.5400 -0.8880 -0.1120 1.0453
0.5440 -0.8800 -0.0960 1.0390
0.5440 -0.8800 -0.0960 1.0390
0.5440 -0.8800 -0.0960 1.0390
0.5440 -0.8800 -0.0960 1.0390
0.5440 -0.8800 -0.0960 1.0390
0.5440 -0.8800 -0.0960 1.0390
0.5440 -0.8800 -0.0960 1.0390
0.5440 -0.8800 -0.0960 1.0390
0.5440 -0.8800 -0.0960 1.0390
0.5440 -0.8800 -0.0960 1.0390
0.5440 -0.8800 -0.0960 1.0390
0.5440 -0.8800 -0.0960 1.0390
0.5440 -0.8800 -0.0960 1.0390
0.5440 -0.8800 -0.0960 1.0390
0.5440 -0.8800 -0.0960 1.0390
0.5440 -0.8800 -0.0960 1.0390
0.5440 -0.8800 -0.0960 1.0390
0.5440 -0.8800 -0.0960 1.0390
0.5440 -0.8800 -0.0960 1.0390
0.5440 -0.8800 -0.0960 1.0390
0.5440 -0.8800 -0.0960 1.0390
0.5440 -0.8800 -0.0960 1.0390
0.5440 -0.8800 -0.0960 1.0390
0.5440 -0.8800 -0.0960 1.0390
0.5440 -0.8800 -0.0960 1.0390
0.5440 -0.8800 -0.0960 1.0390
0.5440 -0.8800 -0.0960 1.0390
0.5440 -0.8800 -0.0960 1.0390
0.5440 -0.8800 -0.0960 1.0390
0.5440 -0.8800 -0.0960 1.0390
0.5440 -0.8800 -0.0960 1.0390
0.5440 -0.8800 -0.0960 1.0390
0.5440 -0.8800 -0.0960 1.0390
0.5440 -0.8800 -0.0960 1.0390
0.5440 -0.8800 -0.0960 1.0390
0.5440 -0.8800 -0.0960 1.0390
0.5440 -0.8800 -0.0960 1.0390
0.5440 -0.8800 -0.0960 1.0390
0.5440 -0.8800 -0.0960 1.0390
0.5440 -0.8800 -0.0960 1.0390
0.5440 -0.8800 -0.0960 1.0390
0.5440 -0.8800 -0.0960 1.0390
0.5440 -0.8800 -0.0960 1.0390
0.5440 -0.8800 -0.0960 1.0390
0.5440 -0.8800 -0.0960 1.0390
0.5440 -0.8800 -0.0960 1.0390
0.5440 -0.8800 -0.0960 1.0390
0.5440 -0.8800 -0.0960 1.0390
0.5440 -0.8800 -0.0960 1.0390
0.5440 -0.8800 -0.0960 1.0390
0.5440 -0.8800 -0.0960 1.0390
0.5440 -0.8800 -0.0960 1.0390
0.5440 -0.8800 -0.0960 1.0390
0.5440 -0.8800 -0.0960 1.0390
0.5440 -0.8800 -0.0960 1.0390
0.5440 -0.8800 -0.0960 1.0390
0.5440 -0.8800 -0.0960 1.0390
0.5440 -0.8800 -0.0960 1.0390
0.5440 -0.8800 -0.0960 1.0390
0.5440 -0.8800 -0.0960 1.0390
0.5440 -0.8800 -0.0960 1.0390
0.5440 -0.8800 -0.0960 1.0390
0.5440 -0.8800 -0.0960 1.0390
0.5440 -0.8800 -0.0840 1.0380
0.5280 -0.8720 -0.1000 1.0243
0.5280 -0.8720 -0.1000 1.0243
0.5280 -0.8720 -0.1000 1.0243
0.5280 -0.8720 -0.1000 1.0243
0.5280 -0.8720 -0.1000 1.0243
0.5280 -0.8720 -0.1000 1.0243
0.5280 -0.8720 -0.1000 1.0243
0.5280 -0.8720 -0.1000 1.0243
0.5280 -0.8720 -0.1000 1.0243
0.5280 -0.8720 -0.1000 1.0243
0.5280 -0.8720 -0.1000 1.0243
0.5280 -0.8720 -0.1000 1.0243
0.5280 -0.8720 -0.1000 1.0243
0.5280 -0.8720 -0.1000 1.0243
0.5280 -0.8720 -0.1000 1.0243
0.5280 -0.8720 -0.1000 1.0243
0.5280 -0.8720 -0.1000 1.0243
0.5280 -0.8720 -0.1000 1.0243
0.5280 -0.8720 -0.1000 1.0243
0.5280 -0.8720 -0.1000 1.0243
0.5280 -0.8720 -0.1000 1.0243
0.5280 -0.8720 -0.1000 1.0243
0.5280 -0.8720 -0.1000 1.0243
0.5280 -0.8720 -0.1000 1.0243
0.5280 -0.8720 -0.1000 1.0243
0.5280 -0.8720 -0.1000 1.0243
0.5280 -0.8720 -0.1000 1.0243
0.5280 -0.8720 -0.1000 1.0243
0.5280 -0.8720 -0.1000 1.0243
0.5280 -0.8720 -0.1000 1.0243
0.5280 -0.8720 -0.1000 1.0243
0.5280 -0.8720 -0.1080 1.0251
0.5560 -0.8960 -0.0920 1.0585
0.5560 -0.8960 -0.0920 1.0585
0.5560 -0.8960 -0.0920 1.0585
0.5560 -0.8960 -0.0920 1.0585
0.5560 -0.8960 -0.0920 1.0585
0.5560 -0.8960 -0.0920 1.0585
0.5560 -0.8960 -0.0920 1.0585
0.5560 -0.8960 -0.0920 1.0585
0.5560 -0.8960 -0.0920 1.0585
0.5560 -0.8960 -0.0920 1.0585
0.5560 -0.8960 -0.0920 1.0585
0.5560 -0.8960 -0.0920 1.0585
0.5560 -0.8960 -0.0920 1.0585
0.5560 -0.8960 -0.0920 1.0585
0.5560 -0.8960 -0.0920 1.0585
0.5560 -0.8960 -0.0920 1.0585
0.5560 -0.8960 -0.0920 1.0585
0.5560 -0.8960 -0.0920 1.0585
0.5560 -0.8960 -0.0920 1.0585
0.5560 -0.8960 -0.0920 1.0585
0.5560 -0.8960 -0.0920 1.0585
0.5560 -0.8960 -0.0920 1.0585
0.5560 -0.8960 -0.0920 1.0585
0.5560 -0.8960 -0.0920 1.0585
0.5560 -0.8960 -0.0920 1.0585
0.5560 -0.8960 -0.0920 1.0585
0.5560 -0.8960 -0.0920 1.0585
0.5560 -0.8960 -0.0920 1.0585
0.5560 -0.8960 -0.0920 1.0585
0.5560 -0.8960 -0.0920 1.0585
0.5560 -0.8960 -0.0920 1.0585
0.5560 -0.8960 -0.0840 1.0578
0.5560 -0.8920 -0.1000 1.0558
0.5560 -0.8920 -0.1000 1.0558
0.5560 -0.8920 -0.1000 1.0558
0.5560 -0.8920 -0.1000 1.0558
0.5560 -0.8920 -0.1000 1.0558
0.5560 -0.8920 -0.1000 1.0558
0.5560 -0.8920 -0.1000 1.0558
0.5560 -0.8920 -0.1000 1.0558
0.5560 -0.8920 -0.1000 1.0558
0.5560 -0.8920 -0.1000 1.0558
0.5560 -0.8920 -0.1000 1.0558
0.5560 -0.8920 -0.1000 1.0558
0.5560 -0.8920 -0.1000 1.0558
0.5560 -0.8920 -0.1000 1.0558
0.5560 -0.8920 -0.1000 1.0558
0.5560 -0.8920 -0.1000 1.0558
0.5560 -0.8920 -0.1000 1.0558
0.5560 -0.8920 -0.1000 1.0558
0.5560 -0.8920 -0.1000 1.0558
0.5560 -0.8920 -0.1000 1.0558
0.5560 -0.8920 -0.1000 1.0558
0.5560 -0.8920 -0.1000 1.0558
0.5560 -0.8920 -0.1000 1.0558
0.5560 -0.8920 -0.1000 1.0558
0.5560 -0.8920 -0.1000 1.0558
0.5560 -0.8920 -0.1000 1.0558
0.5560 -0.8920 -0.1000 1.0558
0.5560 -0.8920 -0.1000 1.0558
0.5560 -0.8920 -0.1000 1.0558
0.5560 -0.8920 -0.1000 1.0558
0.5560 -0.8920 -0.1000 1.0558
0.5560 -0.8920 -0.1120 1.0570
0.5520 -0.8720 -0.1280 1.0399
0.5520 -0.8720 -0.1280 1.0399
0.5520 -0.8720 -0.1280 1.0399
0.5520 -0.8720 -0.1280 1.0399
0.5520 -0.8720 -0.1280 1.0399
0.5520 -0.8720 -0.1280 1.0399
0.5520 -0.8720 -0.1280 1.0399
0.5520 -0.8720 -0.1280 1.0399
0.5520 -0.8720 -0.1280 1.0399
0.5520 -0.8720 -0.1280 1.0399
0.5520 -0.8720 -0.1280 1.0399
0.5520 -0.8720 -0.1280 1.0399
0.5520 -0.8720 -0.1280 1.0399
0.5520 -0.8720 -0.1280 1.0399
0.5520 -0.8720 -0.1280 1.0399
0.5520 -0.8720 -0.1280 1.0399
0.5520 -0.8720 -0.1280 1.0399
0.5520 -0.8720 -0.1280 1.0399
0.5520 -0.8720 -0.1280 1.0399
0.5520 -0.8720 -0.1280 1.0399
0.5520 -0.8720 -0.1280 1.0399
0.5520 -0.8720 -0.1280 1.0399
0.5520 -0.8720 -0.1280 1.0399
0.5520 -0.8720 -0.1280 1.0399
0.5520 -0.8720 -0.1280 1.0399
0.5520 -0.8720 -0.1280 1.0399
0.5520 -0.8720 -0.1280 1.0399
0.5520 -0.8720 -0.1280 1.0399
0.5520 -0.8720 -0.1280 1.0399
0.5520 -0.8720 -0.1280 1.0399
0.5520 -0.8720 -0.1280 1.0399
0.5520 -0.8720 -0.1240 1.0395
0.5480 -0.8720 -0.1080 1.0355
0.5480 -0.8720 -0.1080 1.0355
0.5480 -0.8720 -0.1080 1.0355
0.5480 -0.8720 -0.1080 1.0355
0.5480 -0.8720 -0.1080 1.0355
0.5480 -0.8720 -0.1080 1.0355
0.5480 -0.8720 -0.1080 1.0355
0.5480 -0.8720 -0.1080 1.0355
0.5480 -0.8720 -0.1080 1.0355
0.5480 -0.8720 -0.1080 1.0355
0.5480 -0.8720 -0.1080 1.0355
0.5480 -0.8720 -0.1080 1.0355
0.5480 -0.8720 -0.1080 1.0355
0.5480 -0.8720 -0.1080 1.0355
0.5480 -0.8720 -0.1080 1.0355
0.5480 -0.8720 -0.1080 1.0355
0.5480 -0.8720 -0.1080 1.0355
0.5480 -0.8720 -0.1080 1.0355
0.5480 -0.8720 -0.1080 1.0355
0.5480 -0.8720 -0.1080 1.0355
0.5480 -0.8720 -0.1080 1.0355
0.5480 -0.8720 -0.1080 1.0355
0.5480 -0.8720 -0.1080 1.0355
0.5480 -0.8720 -0.1080 1.0355
0.5480 -0.8720 -0.1080 1.0355
0.5480 -0.8720 -0.1080 1.0355
0.5480 -0.8720 -0.1080 1.0355
0.5480 -0.8720 -0.1080 1.0355
0.5480 -0.8720 -0.1080 1.0355
0.5480 -0.8720 -0.1080 1.0355
0.5480 -0.8720 -0.1080 1.0355
0.5480 -0.8720 -0.1080 1.0355
0.5480 -0.8720 -0.1080 1.0355
0.5480 -0.8720 -0.1080 1.0355
0.5480 -0.8720 -0.1080 1.0355
0.5480 -0.8720 -0.1080 1.0355
0.5480 -0.8720 -0.1080 1.0355
0.5480 -0.8720 -0.1080 1.0355
0.5480 -0.8720 -0.1080 1.0355
0.5480 -0.8720 -0.1080 1.0355
0.5480 -0.8720 -0.1080 1.0355
0.5480 -0.8720 -0.1080 1.0355
0.5480 -0.8720 -0.1080 1.0355
0.5480 -0.8720 -0.1080 1.0355
0.5480 -0.8720 -0.1080 1.0355
0.5480 -0.8720 -0.1080 1.0355
0.5480 -0.8720 -0.1080 1.0355
0.5480 -0.8720 -0.1080 1.0355
0.5480 -0.8720 -0.1080 1.0355
0.5480 -0.8720 -0.1080 1.0355
0.5480 -0.8720 -0.1080 1.0355
0.5480 -0.8720 -0.1080 1.0355
0.5480 -0.8720 -0.1080 1.0355
0.5480 -0.8720 -0.1080 1.0355
0.5480 -0.8720 -0.1080 1.0355
0.5480 -0.8720 -0.1080 1.0355
0.5480 -0.8720 -0.1080 1.0355
0.5480 -0.8720 -0.1080 1.0355
0.5480 -0.8720 -0.1080 1.0355
0.5480 -0.8720 -0.1080 1.0355
0.5480 -0.8720 -0.1080 1.0355
0.5480 -0.8720 -0.1080 1.0355
0.5480 -0.8720 -0.1080 1.0355
0.5480 -0.8720 -0.1120 1.0360
0.5480 -0.8680 -0.1120 1.0326
0.5480 -0.8680 -0.1120 1.0326
0.5480 -0.8680 -0.1120 1.0326
0.5480 -0.8680 -0.1120 1.0326
0.5480 -0.8680 -0.1120 1.0326
0.5480 -0.8680 -0.1120 1.0326
0.5480 -0.8680 -0.1120 1.0326
0.5480 -0.8680 -0.1120 1.0326
0.5480 -0.8680 -0.1120 1.0326
0.5480 -0.8680 -0.1120 1.0326
0.5480 -0.8680 -0.1120 1.0326
0.5480 -0.8680 -0.1120 1.0326
0.5480 -0.8680 -0.1120 1.0326
0.5480 -0.8680 -0.1120 1.0326
0.5480 -0.8680 -0.1120 1.0326
0.5480 -0.8680 -0.1120 1.0326
0.5480 -0.8680 -0.1120 1.0326
0.5480 -0.8680 -0.1120 1.0326
0.5480 -0.8680 -0.1120 1.0326
0.5480 -0.8680 -0.1120 1.0326
0.5480 -0.8680 -0.1120 1.0326
0.5480 -0.8680 -0.1120 1.0326
0.5480 -0.8680 -0.1120 1.0326
0.5480 -0.8680 -0.1120 1.0326
0.5480 -0.8680 -0.1120 1.0326
0.5480 -0.8680 -0.1120 1.0326
0.5480 -0.8680 -0.1120 1.0326
0.5480 -0.8680 -0.1120 1.0326
0.5480 -0.8680 -0.1120 1.0326
0.5480 -0.8680 -0.1120 1.0326
0.5480 -0.8680 -0.1120 1.0326
0.5480 -0.8680 -0.1000 1.0314
0.5320 -0.8760 -0.0840 1.0283
0.5320 -0.8760 -0.0840 1.0283
0.5320 -0.8760 -0.0840 1.0283
0.5320 -0.8760 -0.0840 1.0283
0.5320 -0.8760 -0.0840 1.0283
0.5320 -0.8760 -0.0840 1.0283
0.5320 -0.8760 -0.0840 1.0283
0.5320 -0.8760 -0.0840 1.0283
0.5320 -0.8760 -0.0840 1.0283
0.5320 -0.8760 -0.0840 1.0283
0.5320 -0.8760 -0.0840 1.0283
0.5320 -0.8760 -0.0840 1.0283
0.5320 -0.8760 -0.0840 1.0283
0.5320 -0.8760 -0.0840 1.0283
0.5320 -0.8760 -0.0840 1.0283
0.5320 -0.8760 -0.0840 1.0283
0.5320 -0.8760 -0.0840 1.0283
0.5320 -0.8760 -0.0840 1.0283
0.5320 -0.8760 -0.0840 1.0283
0.5320 -0.8760 -0.0840 1.0283
0.5320 -0.8760 -0.0840 1.0283
0.5320 -0.8760 -0.0840 1.0283
0.5320 -0.8760 -0.0840 1.0283
0.5320 -0.8760 -0.0840 1.0283
0.5320 -0.8760 -0.0840 1.0283
0.5320 -0.8760 -0.0840 1.0283
0.5320 -0.8760 -0.0840 1.0283
0.5320 -0.8760 -0.0840 1.0283
0.5320 -0.8760 -0.0840 1.0283
0.5320 -0.8760 -0.0840 1.0283
0.5320 -0.8760 -0.0840 1.0283
0.5320 -0.8760 -0.0920 1.0290
0.5440 -0.8680 -0.0920 1.0285
0.5440 -0.8680 -0.0920 1.0285
0.5440 -0.8680 -0.0920 1.0285
0.5440 -0.8680 -0.0920 1.0285
0.5440 -0.8680 -0.0920 1.0285
0.5440 -0.8680 -0.0920 1.0285
0.5440 -0.8680 -0.0920 1.0285
0.5440 -0.8680 -0.0920 1.0285
0.5440 -0.8680 -0.0920 1.0285
0.5440 -0.8680 -0.0920 1.0285
0.5440 -0.8680 -0.0920 1.0285
0.5440 -0.8680 -0.0920 1.0285
0.5440 -0.8680 -0.0920 1.0285
0.5440 -0.8680 -0.0920 1.0285
0.5440 -0.8680 -0.0920 1.0285
0.5440 -0.8680 -0.0920 1.0285
0.5440 -0.8680 -0.0920 1.0285
0.5440 -0.8680 -0.0920 1.0285
0.5440 -0.8680 -0.0920 1.0285
0.5440 -0.8680 -0.0920 1.0285
0.5440 -0.8680 -0.0920 1.0285
0.5440 -0.8680 -0.0920 1.0285
0.5440 -0.8680 -0.0920 1.0285
0.5440 -0.8680 -0.0920 1.0285
0.5440 -0.8680 -0.0920 1.0285
0.5440 -0.8680 -0.0920 1.0285
0.5440 -0.8680 -0.0920 1.0285
0.5440 -0.8680 -0.0920 1.0285
0.5440 -0.8680 -0.0920 1.0285
0.5440 -0.8680 -0.0920 1.0285
0.5440 -0.8680 -0.0920 1.0285
0.5440 -0.8680 -0.0880 1.0282
0.5440 -0.8760 -0.0880 1.0349
0.5440 -0.8760 -0.0880 1.0349
0.5440 -0.8760 -0.0880 1.0349
0.5440 -0.8760 -0.0880 1.0349
0.5440 -0.8760 -0.0880 1.0349
0.5440 -0.8760 -0.0880 1.0349
0.5440 -0.8760 -0.0880 1.0349
0.5440 -0.8760 -0.0880 1.0349
0.5440 -0.8760 -0.0880 1.0349
0.5440 -0.8760 -0.0880 1.0349
0.5440 -0.8760 -0.0880 1.0349
0.5440 -0.8760 -0.0880 1.0349
0.5440 -0.8760 -0.0880 1.0349
0.5440 -0.8760 -0.0880 1.0349
0.5440 -0.8760 -0.0880 1.0349
0.5440 -0.8760 -0.0880 1.0349
0.5440 -0.8760 -0.0880 1.0349
0.5440 -0.8760 -0.0880 1.0349
0.5440 -0.8760 -0.0880 1.0349
0.5440 -0.8760 -0.0880 1.0349
0.5440 -0.8760 -0.0880 1.0349
0.5440 -0.8760 -0.0880 1.0349
0.5440 -0.8760 -0.0880 1.0349
0.5440 -0.8760 -0.0880 1.0349
0.5440 -0.8760 -0.0880 1.0349
0.5440 -0.8760 -0.0880 1.0349
0.5440 -0.8760 -0.0880 1.0349
0.5440 -0.8760 -0.0880 1.0349
0.5440 -0.8760 -0.0880 1.0349
0.5440 -0.8760 -0.0880 1.0349
0.5440 -0.8760 -0.0880 1.0349
0.5440 -0.8760 -0.0920 1.0353
0.5440 -0.8720 -0.0920 1.0319
0.5440 -0.8720 -0.0920 1.0319
0.5440 -0.8720 -0.0920 1.0319
0.5440 -0.8720 -0.0920 1.0319
0.5440 -0.8720 -0.0920 1.0319
0.5440 -0.8720 -0.0920 1.0319
0.5440 -0.8720 -0.0920 1.0319
0.5440 -0.8720 -0.0920 1.0319
0.5440 -0.8720 -0.0920 1.0319
0.5440 -0.8720 -0.0920 1.0319
0.5440 -0.8720 -0.0920 1.0319
0.5440 -0.8720 -0.0920 1.0319
0.5440 -0.8720 -0.0920 1.0319
0.5440 -0.8720 -0.0920 1.0319
0.5440 -0.8720 -0.0920 1.0319
0.5440 -0.8720 -0.0920 1.0319
0.5440 -0.8720 -0.0920 1.0319
0.5440 -0.8720 -0.0920 1.0319
0.5440 -0.8720 -0.0920 1.0319
0.5440 -0.8720 -0.0920 1.0319
0.5440 -0.8720 -0.0920 1.0319
0.5440 -0.8720 -0.0920 1.0319
0.5440 -0.8720 -0.0920 1.0319
0.5440 -0.8720 -0.0920 1.0319
0.5440 -0.8720 -0.0920 1.0319
0.5440 -0.8720 -0.0920 1.0319
0.5440 -0.8720 -0.0920 1.0319
0.5440 -0.8720 -0.0920 1.0319
0.5440 -0.8720 -0.0920 1.0319
0.5440 -0.8720 -0.0920 1.0319
0.5440 -0.8720 -0.0920 1.0319
0.5440 -0.8720 -0.0920 1.0319
0.5520 -0.8680 -0.0920 1.0328
0.5520 -0.8680 -0.0920 1.0328
0.5520 -0.8680 -0.0920 1.0328
0.5520 -0.8680 -0.0920 1.0328
0.5520 -0.8680 -0.0920 1.0328
0.5520 -0.8680 -0.0920 1.0328
0.5520 -0.8680 -0.0920 1.0328
0.5520 -0.8680 -0.0920 1.0328
0.5520 -0.8680 -0.0920 1.0328
0.5520 -0.8680 -0.0920 1.0328
0.5520 -0.8680 -0.0920 1.0328
0.5520 -0.8680 -0.0920 1.0328
0.5520 -0.8680 -0.0920 1.0328
0.5520 -0.8680 -0.0920 1.0328
0.5520 -0.8680 -0.0920 1.0328
0.5520 -0.8680 -0.0920 1.0328
0.5520 -0.8680 -0.0920 1.0328
0.5520 -0.8680 -0.0920 1.0328
0.5520 -0.8680 -0.0920 1.0328
0.5520 -0.8680 -0.0920 1.0328
0.5520 -0.8680 -0.0920 1.0328
0.5520 -0.8680 -0.0920 1.0328
0.5520 -0.8680 -0.0920 1.0328
0.5520 -0.8680 -0.0920 1.0328
0.5520 -0.8680 -0.0920 1.0328
0.5520 -0.8680 -0.0920 1.0328
0.5520 -0.8680 -0.0920 1.0328
0.5520 -0.8680 -0.0920 1.0328
0.5520 -0.8680 -0.0920 1.0328
0.5520 -0.8680 -0.0920 1.0328
0.5520 -0.8680 -0.0920 1.0328
0.5520 -0.8680 -0.0960 1.0331
0.5360 -0.8680 -0.1280 1.0282
0.5360 -0.8680 -0.1280 1.0282
0.5360 -0.8680 -0.1280 1.0282
0.5360 -0.8680 -0.1280 1.0282
0.5360 -0.8680 -0.1280 1.0282
0.5360 -0.8680 -0.1280 1.0282
0.5360 -0.8680 -0.1280 1.0282
0.5360 -0.8680 -0.1280 1.0282
0.5360 -0.8680 -0.1280 1.0282
0.5360 -0.8680 -0.1280 1.0282
0.5360 -0.8680 -0.1280 1.0282
0.5360 -0.8680 -0.1280 1.0282
0.5360 -0.8680 -0.1280 1.0282
0.5360 -0.8680 -0.1280 1.0282
0.5360 -0.8680 -0.1280 1.0282
0.5360 -0.8680 -0.1280 1.0282
0.5360 -0.8680 -0.1280 1.0282
0.5360 -0.8680 -0.1280 1.0282
0.5360 -0.8680 -0.1280 1.0282
0.5360 -0.8680 -0.1280 1.0282
0.5360 -0.8680 -0.1280 1.0282
0.5360 -0.8680 -0.1280 1.0282
0.5360 -0.8680 -0.1280 1.0282
0.5360 -0.8680 -0.1280 1.0282
0.5360 -0.8680 -0.1280 1.0282
0.5360 -0.8680 -0.1280 1.0282
0.5360 -0.8680 -0.1280 1.0282
0.5360 -0.8680 -0.1280 1.0282
0.5360 -0.8680 -0.1280 1.0282
0.5360 -0.8680 -0.1280 1.0282
0.5360 -0.8680 -0.1280 1.0282
0.5360 -0.8680 -0.1280 1.0282
0.5320 -0.8800 -0.1120 1.0344
0.5320 -0.8800 -0.1120 1.0344
0.5320 -0.8800 -0.1120 1.0344
0.5320 -0.8800 -0.1120 1.0344
0.5320 -0.8800 -0.1120 1.0344
0.5320 -0.8800 -0.1120 1.0344
0.5320 -0.8800 -0.1120 1.0344
0.5320 -0.8800 -0.1120 1.0344
0.5320 -0.8800 -0.1120 1.0344
0.5320 -0.8800 -0.1120 1.0344
0.5320 -0.8800 -0.1120 1.0344
0.5320 -0.8800 -0.1120 1.0344
0.5320 -0.8800 -0.1120 1.0344
0.5320 -0.8800 -0.1120 1.0344
0.5320 -0.8800 -0.1120 1.0344
0.5320 -0.8800 -0.1120 1.0344
0.5320 -0.8800 -0.1120 1.0344
0.5320 -0.8800 -0.1120 1.0344
0.5320 -0.8800 -0.1120 1.0344
0.5320 -0.8800 -0.1120 1.0344
0.5320 -0.8800 -0.1120 1.0344
0.5320 -0.8800 -0.1120 1.0344
0.5320 -0.8800 -0.1120 1.0344
0.5320 -0.8800 -0.1120 1.0344
0.5320 -0.8800 -0.1120 1.0344
0.5320 -0.8800 -0.1120 1.0344
0.5320 -0.8800 -0.1120 1.0344
0.5320 -0.8800 -0.1120 1.0344
0.5320 -0.8800 -0.1120 1.0344
0.5320 -0.8800 -0.1120 1.0344
0.5320 -0.8800 -0.1120 1.0344
0.5320 -0.8800 -0.1120 1.0344
0.5480 -0.8760 -0.0960 1.0377
0.5480 -0.8760 -0.0960 1.0377
0.5480 -0.8760 -0.0960 1.0377
0.5480 -0.8760 -0.0960 1.0377
0.5480 -0.8760 -0.0960 1.0377
0.5480 -0.8760 -0.0960 1.0377
0.5480 -0.8760 -0.0960 1.0377
0.5480 -0.8760 -0.0960 1.0377
0.5480 -0.8760 -0.0960 1.0377
0.5480 -0.8760 -0.0960 1.0377
0.5480 -0.8760 -0.0960 1.0377
0.5480 -0.8760 -0.0960 1.0377
0.5480 -0.8760 -0.0960 1.0377
0.5480 -0.8760 -0.0960 1.0377
0.5480 -0.8760 -0.0960 1.0377
0.5480 -0.8760 -0.0960 1.0377
0.5480 -0.8760 -0.0960 1.0377
0.5480 -0.8760 -0.0960 1.0377
0.5480 -0.8760 -0.0960 1.0377
0.5480 -0.8760 -0.0960 1.0377
0.5480 -0.8760 -0.0960 1.0377
0.5480 -0.8760 -0.0960 1.0377
0.5480 -0.8760 -0.0960 1.0377
0.5480 -0.8760 -0.0960 1.0377
0.5480 -0.8760 -0.0960 1.0377
0.5480 -0.8760 -0.0960 1.0377
0.5480 -0.8760 -0.0960 1.0377
0.5480 -0.8760 -0.0960 1.0377
0.5480 -0.8760 -0.0960 1.0377
0.5480 -0.8760 -0.0960 1.0377
0.5480 -0.8760 -0.0960 1.0377
0.5480 -0.8760 -0.0920 1.0374
0.5480 -0.8800 -0.0920 1.0408
0.5480 -0.8800 -0.0920 1.0408
0.5480 -0.8800 -0.0920 1.0408
0.5480 -0.8800 -0.0920 1.0408
0.5480 -0.8800 -0.0920 1.0408
0.5480 -0.8800 -0.0920 1.0408
0.5480 -0.8800 -0.0920 1.0408
0.5480 -0.8800 -0.0920 1.0408
0.5480 -0.8800 -0.0920 1.0408
0.5480 -0.8800 -0.0920 1.0408
0.5480 -0.8800 -0.0920 1.0408
0.5480 -0.8800 -0.0920 1.0408
0.5480 -0.8800 -0.0920 1.0408
0.5480 -0.8800 -0.0920 1.0408
0.5480 -0.8800 -0.0920 1.0408
0.5480 -0.8800 -0.0920 1.0408
0.5480 -0.8800 -0.0920 1.0408
0.5480 -0.8800 -0.0920 1.0408
0.5480 -0.8800 -0.0920 1.0408
0.5480 -0.8800 -0.0920 1.0408
0.5480 -0.8800 -0.0920 1.0408
0.5480 -0.8800 -0.0920 1.0408
0.5480 -0.8800 -0.0920 1.0408
0.5480 -0.8800 -0.0920 1.0408
0.5480 -0.8800 -0.0920 1.0408
0.5480 -0.8800 -0.0920 1.0408
0.5480 -0.8800 -0.0920 1.0408
0.5480 -0.8800 -0.0920 1.0408
0.5480 -0.8800 -0.0920 1.0408
0.5480 -0.8800 -0.0920 1.0408
0.5480 -0.8800 -0.0920 1.0408
