0.6880 -1.0560 -0.0960 1.2640
0.5120 -0.8800 -0.1120 1.0243
0.5280 -0.8800 -0.1120 1.0323
0.5280 -0.8800 -0.1120 1.0323
0.5280 -0.8800 -0.1120 1.0323
0.5280 -0.8640 -0.1120 1.0187
0.5280 -0.8640 -0.1120 1.0187
0.5280 -0.8800 -0.1120 1.0323
0.5280 -0.8640 -0.1120 1.0187
0.5280 -0.8800 -0.1120 1.0323
0.5120 -0.8800 -0.1120 1.0243
0.5280 -0.8800 -0.1120 1.0323
0.5280 -0.8800 -0.1120 1.0323
0.5280 -0.8800 -0.1120 1.0323
0.5280 -0.8800 -0.1120 1.0323
0.5280 -0.8800 -0.1120 1.0323
0.5280 -0.8800 -0.1120 1.0323
0.5280 -0.8640 -0.1120 1.0187
0.5280 -0.8800 -0.1120 1.0323
0.5280 -0.8800 -0.1120 1.0323
0.5120 -0.8640 -0.1120 1.0105
0.5600 -0.9440 -0.0800 1.1005
0.5600 -0.9600 -0.0480 1.1124
0.5120 -0.8480 -0.1280 0.9988
0.5120 -0.8640 -0.1120 1.0105
0.5280 -0.8800 -0.1120 1.0323
0.5280 -0.8800 -0.1280 1.0342
0.5120 -0.8800 -0.1280 1.0261
0.5120 -0.8800 -0.1280 1.0261
0.5120 -0.8800 -0.1280 1.0261
0.5120 -0.8800 -0.1280 1.0261
0.5120 -0.8800 -0.1120 1.0243
0.5120 -0.8800 -0.1120 1.0243
0.5120 -0.8800 -0.1120 1.0243
0.5120 -0.8800 -0.1120 1.0243
0.5120 -0.8800 -0.1120 1.0243
0.5120 -0.8800 -0.1120 1.0243
0.5120 -0.8800 -0.1120 1.0243
0.5120 -0.8800 -0.1120 1.0243
0.5120 -0.8800 -0.1120 1.0243
0.5120 -0.8800 -0.0960 1.0226
0.5600 -0.9280 -0.0960 1.0881
0.5600 -0.9280 -0.0960 1.0881
0.5600 -0.9280 -0.0960 1.0881
0.5600 -0.9280 -0.0960 1.0881
0.5600 -0.9280 -0.0960 1.0881
0.5120 -0.8480 -0.0960 0.9952
0.5120 -0.8480 -0.0960 0.9952
0.5120 -0.8480 -0.0960 0.9952
0.5120 -0.8480 -0.1280 0.9988
0.5120 -0.8800 -0.1280 1.0261
0.5120 -0.8800 -0.1280 1.0261
0.5120 -0.8800 -0.1280 1.0261
0.5120 -0.8800 -0.1280 1.0261
0.5120 -0.8800 -0.1120 1.0243
0.5280 -0.8960 -0.1120 1.0460
0.5280 -0.8960 -0.1120 1.0460
0.5280 -0.8960 -0.1120 1.0460
0.5280 -0.8960 -0.0960 1.0444
0.5120 -0.8480 -0.1600 1.0034
0.5120 -0.8480 -0.1600 1.0034
0.5120 -0.8480 -0.1600 1.0034
0.5120 -0.8480 -0.1600 1.0034
0.5120 -0.8480 -0.1760 1.0061
0.5120 -0.8800 -0.0800 1.0212
0.5280 -0.8800 -0.0800 1.0294
0.5280 -0.8800 -0.0800 1.0294
0.5280 -0.8800 -0.0800 1.0294
0.5280 -0.8800 -0.1120 1.0323
0.5120 -0.8960 -0.1120 1.0380
0.5120 -0.8960 -0.1120 1.0380
0.5120 -0.8960 -0.1120 1.0380
0.5120 -0.8960 -0.1120 1.0380
0.5120 -0.8960 -0.1120 1.0380
0.5440 -0.8640 -0.1120 1.0271
0.5440 -0.8640 -0.1120 1.0271
0.5440 -0.8640 -0.1120 1.0271
0.5440 -0.8640 -0.1120 1.0271
0.5440 -0.8800 -0.1120 1.0406
0.5440 -0.8800 -0.1120 1.0406
0.5440 -0.8800 -0.1120 1.0406
0.5440 -0.8800 -0.1120 1.0406
0.5440 -0.8800 -0.1120 1.0406
0.5280 -0.8640 -0.1120 1.0187
0.5280 -0.8640 -0.1120 1.0187
0.5280 -0.8640 -0.1120 1.0187
0.5280 -0.8640 -0.1120 1.0187
0.5280 -0.8640 -0.1120 1.0187
0.5120 -0.8480 -0.1120 0.9969
0.5120 -0.8480 -0.1120 0.9969
0.5120 -0.8480 -0.1120 0.9969
0.5120 -0.8480 -0.1120 0.9969
0.5120 -0.8640 -0.1120 1.0105
0.5120 -0.8640 -0.1120 1.0105
0.5120 -0.8640 -0.1120 1.0105
0.5120 -0.8640 -0.1120 1.0105
0.5120 -0.8640 -0.1120 1.0105
0.5280 -0.8800 -0.1120 1.0323
0.5440 -0.8960 -0.1120 1.0542
0.5440 -0.8960 -0.1120 1.0542
0.5440 -0.8960 -0.1120 1.0542
0.5440 -0.8960 -0.1280 1.0560
0.5280 -0.8960 -0.1280 1.0478
0.5280 -0.8960 -0.1280 1.0478
0.5280 -0.8960 -0.1280 1.0478
0.5280 -0.8960 -0.1280 1.0478
0.5280 -0.8960 -0.1120 1.0460
0.5280 -0.8800 -0.1120 1.0323
0.5280 -0.8800 -0.1120 1.0323
0.5280 -0.8800 -0.1120 1.0323
0.5280 -0.8800 -0.1120 1.0323
0.5280 -0.8960 -0.1120 1.0460
0.5280 -0.8960 -0.1120 1.0460
0.5280 -0.8960 -0.1120 1.0460
0.5280 -0.8960 -0.1120 1.0460
0.5280 -0.8960 -0.0960 1.0444
0.5280 -0.8800 -0.0960 1.0307
0.5280 -0.8800 -0.0960 1.0307
0.5280 -0.8800 -0.0960 1.0307
0.5280 -0.8800 -0.0960 1.0307
0.5280 -0.8800 -0.1120 1.0323
0.5120 -0.8800 -0.1120 1.0243
0.5120 -0.8800 -0.1120 1.0243
0.5120 -0.8800 -0.1120 1.0243
0.5120 -0.8800 -0.1120 1.0243
0.5280 -0.8800 -0.1120 1.0323
0.5280 -0.8800 -0.1120 1.0323
0.5280 -0.8800 -0.1120 1.0323
0.5280 -0.8800 -0.1120 1.0323
0.5280 -0.8800 -0.0960 1.0307
0.5280 -0.8640 -0.0960 1.0171
0.5280 -0.8640 -0.0960 1.0171
0.5280 -0.8640 -0.0960 1.0171
0.5280 -0.8640 -0.0960 1.0171
0.5280 -0.8640 -0.0960 1.0171
0.5120 -0.8800 -0.0960 1.0226
0.5120 -0.8800 -0.0960 1.0226
0.5120 -0.8800 -0.0960 1.0226
0.5120 -0.8800 -0.0960 1.0226
0.5120 -0.8800 -0.0960 1.0226
0.5120 -0.8800 -0.0960 1.0226
0.5120 -0.8800 -0.0960 1.0226
0.5120 -0.8800 -0.0960 1.0226
0.5120 -0.8800 -0.1120 1.0243
0.5120 -0.8800 -0.1120 1.0243
0.5120 -0.8800 -0.1120 1.0243
0.5120 -0.8800 -0.1120 1.0243
0.5120 -0.8800 -0.1120 1.0243
0.5120 -0.8800 -0.1280 1.0261
0.5280 -0.8640 -0.1280 1.0206
0.5280 -0.8640 -0.1280 1.0206
0.5280 -0.8640 -0.1280 1.0206
0.5280 -0.8640 -0.1120 1.0187
0.5280 -0.8800 -0.1120 1.0323
0.5280 -0.8800 -0.1120 1.0323
0.5280 -0.8800 -0.1120 1.0323
0.5280 -0.8800 -0.1120 1.0323
0.5280 -0.8800 -0.0800 1.0294
0.4640 -0.8480 -0.1440 0.9773
0.4640 -0.8480 -0.1440 0.9773
0.4640 -0.8480 -0.1920 0.9855
0.5280 -0.8960 -0.1120 1.0460
0.5280 -0.8960 -0.1120 1.0460
0.5280 -0.8960 -0.1120 1.0460
0.5280 -0.8960 -0.1120 1.0460
0.5280 -0.8960 -0.1280 1.0478
0.5120 -0.8960 -0.1280 1.0399
0.5120 -0.8960 -0.1280 1.0399
0.5120 -0.8960 -0.1280 1.0399
0.5120 -0.8960 -0.1280 1.0399
0.5120 -0.8960 -0.0960 1.0364
0.5280 -0.8960 -0.0960 1.0444
0.5280 -0.8960 -0.0960 1.0444
0.5280 -0.8960 -0.0960 1.0444
0.5280 -0.8960 -0.0800 1.0431
0.5280 -0.8960 -0.0800 1.0431
0.5280 -0.8960 -0.0800 1.0431
0.5280 -0.8960 -0.0800 1.0431
0.5280 -0.8960 -0.0800 1.0431
0.5280 -0.8960 -0.0960 1.0444
0.5120 -0.8800 -0.0960 1.0226
0.5120 -0.8800 -0.0960 1.0226
0.5120 -0.8800 -0.0960 1.0226
0.5120 -0.8800 -0.0960 1.0226
0.5120 -0.8800 -0.0960 1.0226
0.5120 -0.8640 -0.0960 1.0089
0.5120 -0.8640 -0.0960 1.0089
0.5120 -0.8640 -0.0960 1.0089
0.5120 -0.8640 -0.1120 1.0105
0.5600 -0.9280 -0.1120 1.0896
0.5600 -0.9280 -0.1120 1.0896
0.5600 -0.9280 -0.1120 1.0896
0.5600 -0.9280 -0.1120 1.0896
0.5120 -0.8640 -0.1280 1.0124
0.5280 -0.8960 -0.1280 1.0478
0.5280 -0.8960 -0.1280 1.0478
0.5280 -0.8960 -0.1280 1.0478
0.5280 -0.8960 -0.1280 1.0478
0.5280 -0.8960 -0.1280 1.0478
0.5120 -0.8480 -0.1920 1.0090
0.5120 -0.8480 -0.1920 1.0090
0.5120 -0.8480 -0.1920 1.0090
0.5120 -0.8480 -0.1920 1.0090
0.5120 -0.8480 -0.1920 1.0090
0.5120 -0.8960 -0.1280 1.0399
0.5120 -0.8960 -0.1280 1.0399
0.5120 -0.8960 -0.1280 1.0399
0.5120 -0.8960 -0.1120 1.0380
0.5280 -0.8640 -0.1120 1.0187
0.5280 -0.8640 -0.1120 1.0187
0.5280 -0.8640 -0.1120 1.0187
0.5280 -0.8640 -0.1120 1.0187
0.5280 -0.8640 -0.1120 1.0187
0.5280 -0.8480 -0.1120 1.0052
0.5280 -0.8480 -0.1120 1.0052
0.5280 -0.8480 -0.1120 1.0052
0.5280 -0.8480 -0.1120 1.0052
0.5280 -0.8480 -0.1120 1.0052
0.5280 -0.8640 -0.1120 1.0187
0.5280 -0.8640 -0.1120 1.0187
0.5280 -0.8640 -0.1120 1.0187
0.5280 -0.8640 -0.1120 1.0187
0.5120 -0.8640 -0.1120 1.0105
0.5120 -0.8640 -0.1120 1.0105
0.5120 -0.8640 -0.1120 1.0105
0.5280 -0.8640 -0.1120 1.0187
0.5280 -0.8640 -0.1120 1.0187
0.5120 -0.8800 -0.1120 1.0243
0.5120 -0.8800 -0.1120 1.0243
0.5120 -0.8800 -0.1120 1.0243
0.5120 -0.8800 -0.1120 1.0243
0.5120 -0.8800 -0.1120 1.0243
0.5120 -0.8640 -0.1120 1.0105
0.5120 -0.8640 -0.1120 1.0105
0.5120 -0.8640 -0.1120 1.0105
0.5120 -0.8640 -0.1120 1.0105
0.5120 -0.8640 -0.1280 1.0124
0.5120 -0.8960 -0.0640 1.0340
0.5120 -0.8960 -0.0640 1.0340
0.5120 -0.8960 -0.0640 1.0340
0.5120 -0.8960 -0.0640 1.0340
0.5280 -0.8640 -0.1280 1.0206
0.5280 -0.8640 -0.1280 1.0206
0.5280 -0.8640 -0.1280 1.0206
0.5280 -0.8640 -0.1280 1.0206
0.5280 -0.8640 -0.1280 1.0206
0.5280 -0.8800 -0.1280 1.0342
0.5280 -0.8800 -0.1280 1.0342
0.5280 -0.8800 -0.1280 1.0342
0.5280 -0.8800 -0.1280 1.0342
0.5440 -0.8480 -0.1920 1.0256
0.5440 -0.8480 -0.1920 1.0256
0.5440 -0.8480 -0.1920 1.0256
0.5440 -0.8480 -0.1920 1.0256
0.5440 -0.8480 -0.1760 1.0227
0.5280 -0.8960 -0.1120 1.0460
0.5280 -0.8960 -0.1280 1.0478
0.5440 -0.8480 -0.1920 1.0256
0.5440 -0.8480 -0.1920 1.0256
0.5440 -0.8480 -0.1920 1.0256
0.5280 -0.8800 -0.1280 1.0342
0.5280 -0.8800 -0.1280 1.0342
0.5280 -0.8800 -0.1280 1.0342
0.5280 -0.8800 -0.1280 1.0342
0.5280 -0.8800 -0.1120 1.0323
0.5280 -0.8800 -0.1120 1.0323
0.5280 -0.8800 -0.1120 1.0323
0.5280 -0.8800 -0.1120 1.0323
0.5280 -0.8800 -0.0960 1.0307
0.5280 -0.8480 -0.1600 1.0117
0.5280 -0.8480 -0.1600 1.0117
0.5280 -0.8480 -0.1600 1.0117
0.5280 -0.8480 -0.1600 1.0117
0.5280 -0.8480 -0.1440 1.0093
0.5120 -0.8480 -0.1440 1.0010
0.5120 -0.8480 -0.1440 1.0010
0.5120 -0.8480 -0.1440 1.0010
0.5120 -0.8480 -0.1440 1.0010
0.5120 -0.8480 -0.1600 1.0034
0.5120 -0.8800 -0.0960 1.0226
0.5120 -0.8800 -0.0960 1.0226
0.5120 -0.8800 -0.0960 1.0226
0.5120 -0.8800 -0.1120 1.0243
0.5280 -0.8640 -0.1120 1.0187
0.5280 -0.8640 -0.1120 1.0187
0.5280 -0.8640 -0.1120 1.0187
0.5280 -0.8640 -0.1120 1.0187
0.5280 -0.8640 -0.1120 1.0187
0.5280 -0.8640 -0.0960 1.0171
0.5280 -0.8800 -0.0320 1.0267
0.5280 -0.8800 -0.0320 1.0267
0.5280 -0.8800 -0.0320 1.0267
0.5280 -0.8800 -0.0320 1.0267
0.5280 -0.8480 -0.0960 1.0035
0.5280 -0.8480 -0.0960 1.0035
0.5280 -0.8480 -0.0960 1.0035
0.5280 -0.8480 -0.0960 1.0035
0.5280 -0.8480 -0.0960 1.0035
0.5120 -0.8800 -0.0960 1.0226
0.5120 -0.8800 -0.0960 1.0226
0.5120 -0.8800 -0.0960 1.0226
0.5120 -0.8800 -0.1120 1.0243
0.5280 -0.8960 -0.1120 1.0460
0.5280 -0.8960 -0.1120 1.0460
0.5280 -0.8960 -0.1120 1.0460
0.5280 -0.8960 -0.1120 1.0460
0.5280 -0.8960 -0.1120 1.0460
0.5280 -0.8480 -0.1760 1.0143
0.5280 -0.8480 -0.1760 1.0143
0.5280 -0.8480 -0.1760 1.0143
0.5280 -0.8480 -0.1760 1.0143
0.5280 -0.8960 -0.1120 1.0460
0.5280 -0.8960 -0.1120 1.0460
0.5280 -0.8960 -0.1120 1.0460
0.5280 -0.8960 -0.1120 1.0460
0.5280 -0.8960 -0.1120 1.0460
0.5280 -0.8800 -0.1120 1.0323
0.5280 -0.8800 -0.1120 1.0323
0.5280 -0.8800 -0.1120 1.0323
0.5280 -0.8800 -0.1120 1.0323
0.5280 -0.8800 -0.1120 1.0323
0.5280 -0.8960 -0.0320 1.0405
0.5280 -0.8480 -0.0960 1.0035
0.5280 -0.8480 -0.0960 1.0035
0.5280 -0.8480 -0.0960 1.0035
0.5280 -0.8480 -0.1120 1.0052
0.5440 -0.8480 -0.1120 1.0137
0.5440 -0.8480 -0.1120 1.0137
0.5440 -0.8480 -0.1120 1.0137
0.5440 -0.8480 -0.1280 1.0156
0.5280 -0.8960 -0.1280 1.0478
0.5280 -0.8960 -0.1280 1.0478
0.5280 -0.8960 -0.1280 1.0478
0.5280 -0.8960 -0.1280 1.0478
0.5280 -0.8960 -0.1120 1.0460
0.5280 -0.8480 -0.1760 1.0143
0.5280 -0.8480 -0.1760 1.0143
0.5280 -0.8480 -0.1760 1.0143
0.5280 -0.8480 -0.1760 1.0143
0.5280 -0.8480 -0.1760 1.0143
0.5280 -0.8960 -0.1120 1.0460
0.5280 -0.8960 -0.1120 1.0460
0.5280 -0.8960 -0.1120 1.0460
0.5280 -0.8960 -0.1120 1.0460
0.5120 -0.8960 -0.1120 1.0380
0.5120 -0.8960 -0.1120 1.0380
0.5120 -0.8960 -0.1120 1.0380
0.5120 -0.8960 -0.1120 1.0380
0.5120 -0.8960 -0.0960 1.0364
0.5120 -0.8640 -0.0960 1.0089
0.5120 -0.8640 -0.0960 1.0089
0.5120 -0.8640 -0.0960 1.0089
0.5120 -0.8640 -0.1120 1.0105
0.5280 -0.8640 -0.1280 1.0206
0.5280 -0.8640 -0.1280 1.0206
0.5280 -0.8640 -0.1280 1.0206
0.5280 -0.8640 -0.1280 1.0206
0.5280 -0.8640 -0.1120 1.0187
0.5280 -0.8640 -0.1120 1.0187
0.5280 -0.8640 -0.1120 1.0187
0.5280 -0.8640 -0.1120 1.0187
0.5280 -0.8640 -0.1120 1.0187
0.5280 -0.8640 -0.1120 1.0187
0.5280 -0.8960 -0.1120 1.0460
0.5280 -0.8960 -0.1120 1.0460
0.5280 -0.8960 -0.1120 1.0460
0.5280 -0.8960 -0.1120 1.0460
0.5280 -0.8960 -0.0800 1.0431
0.5280 -0.8800 -0.0800 1.0294
0.5280 -0.8800 -0.0800 1.0294
0.5280 -0.8800 -0.0800 1.0294
0.5280 -0.8800 -0.0960 1.0307
0.5120 -0.8640 -0.0960 1.0089
0.5120 -0.8640 -0.0960 1.0089
0.5120 -0.8640 -0.0960 1.0089
0.5120 -0.8640 -0.0960 1.0089
0.5120 -0.8640 -0.0960 1.0089
0.5280 -0.8640 -0.0960 1.0171
0.5280 -0.8640 -0.0960 1.0171
0.5280 -0.8640 -0.0960 1.0171
0.5280 -0.8640 -0.0960 1.0171
0.5280 -0.8640 -0.1120 1.0187
0.5280 -0.8800 -0.1120 1.0323
0.5280 -0.8800 -0.1120 1.0323
0.5280 -0.8800 -0.0960 1.0307
0.5280 -0.8800 -0.0960 1.0307
0.5280 -0.8800 -0.1120 1.0323
0.5280 -0.8800 -0.1120 1.0323
0.5280 -0.8800 -0.1120 1.0323
0.5280 -0.8800 -0.1120 1.0323
0.5280 -0.8800 -0.1120 1.0323
0.5280 -0.8480 -0.1120 1.0052
0.5280 -0.8480 -0.1120 1.0052
0.5280 -0.8480 -0.1120 1.0052
0.5280 -0.8480 -0.1120 1.0052
0.5280 -0.8480 -0.1280 1.0071
0.5280 -0.8480 -0.1280 1.0071
0.5280 -0.8480 -0.1280 1.0071
0.5280 -0.8480 -0.1280 1.0071
0.5280 -0.8480 -0.1280 1.0071
0.5280 -0.8480 -0.0800 1.0021
0.4640 -0.8480 -0.0800 0.9699
0.4640 -0.8480 -0.0800 0.9699
0.4640 -0.8480 -0.0800 0.9699
0.4640 -0.8480 -0.1280 0.9751
0.5280 -0.8640 -0.1280 1.0206
0.5280 -0.8640 -0.1280 1.0206
0.5280 -0.8640 -0.1280 1.0206
0.5280 -0.8640 -0.1280 1.0206
0.5280 -0.8640 -0.1120 1.0187
0.5440 -0.8960 -0.1120 1.0542
0.5440 -0.8960 -0.1120 1.0542
0.5440 -0.8960 -0.1120 1.0542
0.5440 -0.8960 -0.0960 1.0526
0.5280 -0.8960 -0.0960 1.0444
0.5280 -0.8960 -0.0960 1.0444
0.5280 -0.8960 -0.0960 1.0444
0.5280 -0.8800 -0.0960 1.0307
0.5280 -0.8800 -0.0960 1.0307
0.5120 -0.8480 -0.0960 0.9952
0.5120 -0.8480 -0.0960 0.9952
0.5120 -0.8480 -0.0960 0.9952
0.5120 -0.8480 -0.0960 0.9952
0.5120 -0.8480 -0.1120 0.9969
0.5280 -0.8640 -0.1120 1.0187
0.5280 -0.8640 -0.1120 1.0187
0.5280 -0.8640 -0.1120 1.0187
0.5280 -0.8640 -0.1120 1.0187
0.5280 -0.8640 -0.1120 1.0187
0.5440 -0.8800 -0.1120 1.0406
0.5440 -0.8800 -0.1120 1.0406
0.5440 -0.8800 -0.1120 1.0406
0.5440 -0.8800 -0.1120 1.0406
0.5280 -0.8480 -0.1760 1.0143
0.5280 -0.8480 -0.1760 1.0143
0.5280 -0.8480 -0.1760 1.0143
0.5280 -0.8480 -0.1760 1.0143
0.5280 -0.8480 -0.1600 1.0117
0.5280 -0.8640 -0.1600 1.0251
0.5280 -0.8640 -0.1600 1.0251
0.5280 -0.8640 -0.1600 1.0251
0.5280 -0.8640 -0.1600 1.0251
0.5120 -0.8480 -0.1600 1.0034
0.5120 -0.8480 -0.1600 1.0034
0.5120 -0.8480 -0.1600 1.0034
0.5120 -0.8480 -0.1600 1.0034
0.5120 -0.8480 -0.1760 1.0061
0.5120 -0.8800 -0.1120 1.0243
0.5120 -0.8800 -0.1120 1.0243
0.5120 -0.8480 -0.1760 1.0061
0.5120 -0.8480 -0.1760 1.0061
0.5120 -0.8480 -0.1600 1.0034
0.5120 -0.8480 -0.1600 1.0034
0.5120 -0.8480 -0.1600 1.0034
0.5120 -0.8480 -0.1600 1.0034
0.5120 -0.8480 -0.1600 1.0034
0.5120 -0.8480 -0.1600 1.0034
0.5120 -0.8960 -0.0960 1.0364
0.5120 -0.8960 -0.0960 1.0364
0.5120 -0.8960 -0.0960 1.0364
0.5120 -0.8960 -0.0960 1.0364
0.5120 -0.8800 -0.0960 1.0226
0.5120 -0.8800 -0.0960 1.0226
0.5120 -0.8800 -0.0960 1.0226
0.5120 -0.8800 -0.0960 1.0226
0.5120 -0.8800 -0.1120 1.0243
0.5120 -0.8640 -0.1120 1.0105
0.5120 -0.8640 -0.1120 1.0105
0.5120 -0.8640 -0.1120 1.0105
0.5120 -0.8640 -0.1120 1.0105
0.5120 -0.8640 -0.1280 1.0124
0.5120 -0.8640 -0.1280 1.0124
0.5120 -0.8640 -0.1280 1.0124
0.5120 -0.8640 -0.1280 1.0124
0.5120 -0.8640 -0.1280 1.0124
0.5280 -0.8800 -0.1280 1.0342
0.5280 -0.8800 -0.1280 1.0342
0.5280 -0.8800 -0.1280 1.0342
0.5280 -0.8800 -0.1280 1.0342
0.5280 -0.8800 -0.0800 1.0294
0.4640 -0.8480 -0.1920 0.9855
0.5280 -0.8480 -0.1920 1.0172
0.5280 -0.8480 -0.1920 1.0172
0.5280 -0.8480 -0.1920 1.0172
0.5280 -0.8480 -0.1920 1.0172
0.5120 -0.8640 -0.1280 1.0124
0.5120 -0.8640 -0.1280 1.0124
0.5120 -0.8640 -0.1280 1.0124
0.5120 -0.8640 -0.1280 1.0124
0.5120 -0.8640 -0.1280 1.0124
0.5120 -0.8800 -0.1280 1.0261
0.5120 -0.8800 -0.1280 1.0261
0.5120 -0.8800 -0.1280 1.0261
0.5120 -0.8800 -0.1120 1.0243
0.5280 -0.8960 -0.1120 1.0460
0.5280 -0.8960 -0.1120 1.0460
0.5280 -0.8960 -0.1120 1.0460
0.5280 -0.8960 -0.1120 1.0460
0.5280 -0.8960 -0.1120 1.0460
0.5280 -0.8960 -0.1120 1.0460
0.5280 -0.8960 -0.1120 1.0460
0.5280 -0.8960 -0.1120 1.0460
0.5280 -0.8960 -0.1120 1.0460
0.5120 -0.8960 -0.1120 1.0380
0.5120 -0.8960 -0.1120 1.0380
0.5120 -0.8960 -0.1120 1.0380
0.5120 -0.8960 -0.1120 1.0380
0.5120 -0.8960 -0.1120 1.0380
0.5280 -0.8800 -0.1120 1.0323
0.5280 -0.8800 -0.1120 1.0323
0.5280 -0.8800 -0.1120 1.0323
0.5280 -0.8800 -0.1120 1.0323
0.5280 -0.8800 -0.1280 1.0342
0.5280 -0.8640 -0.1280 1.0206
0.5280 -0.8480 -0.1920 1.0172
0.5280 -0.8480 -0.1920 1.0172
0.5280 -0.8480 -0.1920 1.0172
0.5280 -0.8480 -0.1920 1.0172
0.5280 -0.8480 -0.1920 1.0172
0.5280 -0.8480 -0.1920 1.0172
0.5280 -0.8480 -0.1920 1.0172
0.5280 -0.8480 -0.1760 1.0143
0.5280 -0.8960 -0.1120 1.0460
0.5280 -0.8960 -0.1120 1.0460
0.5280 -0.8960 -0.1120 1.0460
0.5280 -0.8960 -0.1120 1.0460
0.5280 -0.8960 -0.1120 1.0460
0.5280 -0.8800 -0.1120 1.0323
0.5280 -0.8800 -0.1120 1.0323
0.5280 -0.8800 -0.1120 1.0323
0.5280 -0.8800 -0.1120 1.0323
0.5280 -0.8800 -0.0960 1.0307
0.5280 -0.8640 -0.0960 1.0171
0.5280 -0.8640 -0.0960 1.0171
0.5280 -0.8640 -0.0960 1.0171
0.5280 -0.8640 -0.1120 1.0187
0.5280 -0.8960 -0.1120 1.0460
0.5280 -0.8960 -0.1120 1.0460
0.5280 -0.8960 -0.1120 1.0460
0.5280 -0.8960 -0.1120 1.0460
0.5280 -0.8960 -0.0960 1.0444
0.5440 -0.8960 -0.0960 1.0526
0.5440 -0.8960 -0.0960 1.0526
0.5440 -0.8960 -0.0960 1.0526
0.5440 -0.8960 -0.1120 1.0542
0.5280 -0.8800 -0.1120 1.0323
0.5440 -0.8800 -0.1120 1.0406
0.5440 -0.8800 -0.1120 1.0406
0.5440 -0.8800 -0.1120 1.0406
0.5440 -0.8800 -0.1120 1.0406
0.5120 -0.8800 -0.1120 1.0243
0.5120 -0.8800 -0.1120 1.0243
0.5120 -0.8800 -0.1120 1.0243
0.5120 -0.8800 -0.1120 1.0243
0.5120 -0.8800 -0.0960 1.0226
0.5120 -0.8640 -0.0960 1.0089
0.5120 -0.8640 -0.0960 1.0089
0.5120 -0.8640 -0.0960 1.0089
0.5120 -0.8640 -0.0960 1.0089
0.5120 -0.8640 -0.1280 1.0124
0.5280 -0.8640 -0.1280 1.0206
0.5280 -0.8640 -0.1280 1.0206
0.5280 -0.8640 -0.1280 1.0206
0.5280 -0.8640 -0.1280 1.0206
0.5280 -0.8640 -0.1280 1.0206
0.5280 -0.8640 -0.1280 1.0206
0.5280 -0.8640 -0.1280 1.0206
0.5280 -0.8640 -0.1280 1.0206
0.5280 -0.8640 -0.1120 1.0187
0.5280 -0.8960 -0.1120 1.0460
0.5280 -0.8960 -0.1120 1.0460
0.5280 -0.8960 -0.1120 1.0460
0.5280 -0.8960 -0.0960 1.0444
0.5280 -0.8960 -0.0960 1.0444
0.5280 -0.8960 -0.0960 1.0444
0.5280 -0.8960 -0.0960 1.0444
0.5280 -0.8960 -0.1120 1.0460
0.5280 -0.8480 -0.1600 1.0117
0.5280 -0.8480 -0.1600 1.0117
0.5280 -0.8480 -0.1600 1.0117
0.5280 -0.8480 -0.1600 1.0117
0.5280 -0.8480 -0.1600 1.0117
0.5280 -0.8480 -0.1600 1.0117
0.5280 -0.8640 -0.0960 1.0171
0.5280 -0.8640 -0.0960 1.0171
0.5280 -0.8640 -0.0960 1.0171
0.5280 -0.8640 -0.1280 1.0206
0.5280 -0.8800 -0.1280 1.0342
0.5280 -0.8800 -0.1280 1.0342
0.5280 -0.8800 -0.1280 1.0342
0.5280 -0.8800 -0.1280 1.0342
0.5280 -0.8800 -0.1120 1.0323
0.5280 -0.8640 -0.1120 1.0187
0.5280 -0.8640 -0.1120 1.0187
0.5280 -0.8640 -0.1120 1.0187
0.5280 -0.8640 -0.1280 1.0206
0.5280 -0.8960 -0.1280 1.0478
0.5280 -0.8960 -0.1280 1.0478
0.5280 -0.8960 -0.1280 1.0478
0.5280 -0.8960 -0.1280 1.0478
0.5280 -0.8960 -0.1120 1.0460
0.5280 -0.8800 -0.1120 1.0323
0.5280 -0.8800 -0.1120 1.0323
0.5280 -0.8800 -0.1120 1.0323
0.5280 -0.8800 -0.1120 1.0323
0.5280 -0.8800 -0.0960 1.0307
0.5280 -0.8800 -0.0960 1.0307
0.5280 -0.8800 -0.0960 1.0307
0.5280 -0.8800 -0.1120 1.0323
0.5280 -0.8800 -0.1120 1.0323
0.5280 -0.8800 -0.0800 1.0294
0.5280 -0.8960 -0.0800 1.0431
0.5280 -0.8960 -0.0800 1.0431
0.5280 -0.8960 -0.0800 1.0431
0.5280 -0.8960 -0.0960 1.0444
0.5120 -0.8960 -0.0960 1.0364
0.5120 -0.8960 -0.0960 1.0364
0.5120 -0.8960 -0.0960 1.0364
0.5120 -0.8960 -0.0960 1.0364
0.5120 -0.8960 -0.0960 1.0364
0.5120 -0.8640 -0.0960 1.0089
0.5120 -0.8640 -0.0960 1.0089
0.5120 -0.8640 -0.0960 1.0089
0.5120 -0.8640 -0.0960 1.0089
0.5120 -0.8640 -0.1280 1.0124
0.5120 -0.8960 -0.0640 1.0340
0.5120 -0.8960 -0.0640 1.0340
0.5120 -0.8960 -0.0640 1.0340
0.5120 -0.8960 -0.0640 1.0340
0.5120 -0.8800 -0.1280 1.0261
0.5120 -0.8800 -0.1280 1.0261
0.5120 -0.8800 -0.1280 1.0261
0.5120 -0.8800 -0.1280 1.0261
0.5120 -0.8800 -0.1120 1.0243
0.5280 -0.8640 -0.1120 1.0187
0.5280 -0.8640 -0.1120 1.0187
0.5280 -0.8640 -0.1120 1.0187
0.5280 -0.8640 -0.1280 1.0206
0.5280 -0.8480 -0.1920 1.0172
0.5280 -0.8480 -0.1920 1.0172
0.5280 -0.8480 -0.1760 1.0143
0.5120 -0.8800 -0.1120 1.0243
0.5120 -0.8800 -0.1120 1.0243
0.5120 -0.8800 -0.0960 1.0226
0.5280 -0.8640 -0.0960 1.0171
0.5280 -0.8640 -0.0960 1.0171
0.5280 -0.8640 -0.0960 1.0171
0.5280 -0.8640 -0.1120 1.0187
0.5120 -0.8640 -0.1120 1.0105
0.5120 -0.8640 -0.1120 1.0105
0.5120 -0.8640 -0.1120 1.0105
0.5120 -0.8640 -0.1120 1.0105
0.5120 -0.8640 -0.0960 1.0089
0.5120 -0.8480 -0.0960 0.9952
0.5120 -0.8480 -0.0960 0.9952
0.5120 -0.8480 -0.0960 0.9952
0.5120 -0.8480 -0.1120 0.9969
0.5120 -0.8480 -0.1120 0.9969
0.5120 -0.8480 -0.1120 0.9969
0.5120 -0.8480 -0.1120 0.9969
0.5120 -0.8480 -0.1120 0.9969
0.5120 -0.8480 -0.1120 0.9969
0.5280 -0.8480 -0.1120 1.0052
0.5280 -0.8480 -0.1120 1.0052
0.5280 -0.8480 -0.1120 1.0052
0.5280 -0.8480 -0.1120 1.0052
0.5280 -0.8480 -0.1120 1.0052
0.5280 -0.8800 -0.1120 1.0323
0.5280 -0.8800 -0.1120 1.0323
0.5280 -0.8800 -0.1120 1.0323
0.5280 -0.8800 -0.1120 1.0323
0.5120 -0.8960 -0.1120 1.0380
0.5120 -0.8960 -0.1120 1.0380
0.5280 -0.8960 -0.1120 1.0460
0.5280 -0.8960 -0.1120 1.0460
0.5280 -0.8960 -0.1280 1.0478
0.5280 -0.8480 -0.1920 1.0172
0.5280 -0.8480 -0.1920 1.0172
0.5280 -0.8480 -0.1920 1.0172
0.5280 -0.8480 -0.1920 1.0172
0.5280 -0.8480 -0.1600 1.0117
0.5280 -0.8640 -0.1600 1.0251
0.5280 -0.8640 -0.1600 1.0251
0.5280 -0.8640 -0.1600 1.0251
0.5280 -0.8640 -0.1600 1.0251
0.5120 -0.8960 -0.0960 1.0364
0.5120 -0.8960 -0.0960 1.0364
0.5120 -0.8960 -0.0960 1.0364
0.5120 -0.8960 -0.0960 1.0364
0.5120 -0.8960 -0.1120 1.0380
0.5120 -0.8960 -0.1120 1.0380
0.5120 -0.8960 -0.1120 1.0380
0.5120 -0.8960 -0.1120 1.0380
0.5120 -0.8960 -0.1120 1.0380
0.5120 -0.8960 -0.1280 1.0399
0.5280 -0.8800 -0.1280 1.0342
0.5280 -0.8800 -0.1280 1.0342
0.5280 -0.8800 -0.1280 1.0342
0.5280 -0.8800 -0.1280 1.0342
0.5280 -0.8480 -0.1280 1.0071
0.5280 -0.8480 -0.1280 1.0071
0.5280 -0.8480 -0.1280 1.0071
0.5280 -0.8480 -0.1280 1.0071
0.5280 -0.8480 -0.1280 1.0071
0.5280 -0.8800 -0.1280 1.0342
0.5280 -0.8480 -0.1920 1.0172
0.5280 -0.8480 -0.1920 1.0172
0.5280 -0.8480 -0.1920 1.0172
0.5280 -0.8480 -0.1760 1.0143
0.5280 -0.8960 -0.1120 1.0460
0.5280 -0.8960 -0.1120 1.0460
0.5280 -0.8960 -0.1120 1.0460
0.5280 -0.8960 -0.1120 1.0460
0.5280 -0.8480 -0.1760 1.0143
0.5280 -0.8480 -0.1760 1.0143
0.5280 -0.8480 -0.1760 1.0143
0.5280 -0.8480 -0.1760 1.0143
0.5280 -0.8480 -0.1600 1.0117
0.5280 -0.8960 -0.0960 1.0444
0.5280 -0.8960 -0.0960 1.0444
0.5280 -0.8960 -0.0960 1.0444
0.5280 -0.8960 -0.0960 1.0444
0.5280 -0.8960 -0.1120 1.0460
0.5280 -0.8800 -0.1120 1.0323
0.5280 -0.8800 -0.1120 1.0323
0.5280 -0.8800 -0.1120 1.0323
0.5280 -0.8800 -0.0960 1.0307
0.5280 -0.8640 -0.0960 1.0171
0.5280 -0.8640 -0.0960 1.0171
0.5280 -0.8640 -0.0960 1.0171
0.5280 -0.8640 -0.0960 1.0171
0.5280 -0.8640 -0.1120 1.0187
0.5280 -0.8960 -0.1120 1.0460
0.5280 -0.8960 -0.1120 1.0460
0.5280 -0.8960 -0.1120 1.0460
0.5280 -0.8960 -0.0960 1.0444
0.5280 -0.8960 -0.0800 1.0431
0.5120 -0.8800 -0.0960 1.0226
0.5120 -0.8960 -0.0960 1.0364
0.5120 -0.8960 -0.0960 1.0364
0.5120 -0.8960 -0.0960 1.0364
0.5120 -0.8960 -0.0960 1.0364
0.5120 -0.8960 -0.1120 1.0380
0.5280 -0.8960 -0.0480 1.0411
0.5280 -0.8960 -0.0480 1.0411
0.5280 -0.8960 -0.0480 1.0411
0.5280 -0.8960 -0.0480 1.0411
0.5280 -0.8960 -0.0480 1.0411
0.5280 -0.8480 -0.1120 1.0052
0.5280 -0.8480 -0.1120 1.0052
0.5280 -0.8480 -0.1120 1.0052
0.5280 -0.8480 -0.0960 1.0035
0.5440 -0.8480 -0.0960 1.0121
0.5440 -0.8480 -0.0960 1.0121
0.5440 -0.8480 -0.0960 1.0121
0.5440 -0.8480 -0.0960 1.0121
0.5440 -0.8480 -0.1120 1.0137
0.5440 -0.8800 -0.1120 1.0406
0.5440 -0.8800 -0.1120 1.0406
0.5440 -0.8800 -0.1120 1.0406
0.5440 -0.8800 -0.0960 1.0390
0.5280 -0.8960 -0.0960 1.0444
0.5280 -0.8960 -0.0960 1.0444
0.5280 -0.8960 -0.0960 1.0444
0.5280 -0.8960 -0.0960 1.0444
0.5280 -0.8960 -0.1120 1.0460
0.5440 -0.8960 -0.1120 1.0542
0.5440 -0.8960 -0.1120 1.0542
0.5440 -0.8960 -0.1120 1.0542
0.5280 -0.8800 -0.1120 1.0323
0.5280 -0.8800 -0.0960 1.0307
0.5120 -0.8800 -0.0960 1.0226
0.5120 -0.8800 -0.0960 1.0226
0.5120 -0.8800 -0.0960 1.0226
0.5120 -0.8800 -0.0960 1.0226
0.5120 -0.8800 -0.0960 1.0226
0.5120 -0.8640 -0.0960 1.0089
0.5120 -0.8640 -0.0960 1.0089
0.5120 -0.8640 -0.0960 1.0089
0.5120 -0.8640 -0.1120 1.0105
0.5120 -0.8640 -0.1120 1.0105
0.5120 -0.8640 -0.1120 1.0105
0.5120 -0.8640 -0.1120 1.0105
0.5120 -0.8640 -0.1120 1.0105
0.5120 -0.8640 -0.1280 1.0124
0.5120 -0.8640 -0.1280 1.0124
0.5120 -0.8640 -0.1280 1.0124
0.5120 -0.8640 -0.1280 1.0124
0.5120 -0.8640 -0.1280 1.0124
0.5280 -0.8960 -0.1280 1.0478
0.5280 -0.8960 -0.1280 1.0478
0.5280 -0.8960 -0.1280 1.0478
0.5280 -0.8960 -0.1280 1.0478
0.5280 -0.8960 -0.1120 1.0460
0.5280 -0.8800 -0.1120 1.0323
0.5280 -0.8800 -0.1120 1.0323
0.5280 -0.8800 -0.1120 1.0323
0.5280 -0.8800 -0.1120 1.0323
0.5280 -0.8800 -0.0960 1.0307
0.5440 -0.8960 -0.0960 1.0526
0.5440 -0.8960 -0.0960 1.0526
0.5280 -0.8640 -0.0960 1.0171
0.5280 -0.8640 -0.0960 1.0171
0.5280 -0.8640 -0.1120 1.0187
0.5120 -0.8800 -0.1120 1.0243
0.5120 -0.8800 -0.1120 1.0243
0.5120 -0.8800 -0.1120 1.0243
0.5120 -0.8800 -0.0960 1.0226
0.5120 -0.8800 -0.0960 1.0226
0.5120 -0.8800 -0.0960 1.0226
0.5120 -0.8800 -0.0960 1.0226
0.5120 -0.8800 -0.0960 1.0226
0.5120 -0.8800 -0.0960 1.0226
0.5280 -0.8480 -0.1600 1.0117
0.5280 -0.8480 -0.1600 1.0117
0.5280 -0.8480 -0.1600 1.0117
0.5280 -0.8480 -0.1600 1.0117
0.5280 -0.8480 -0.1440 1.0093
0.5280 -0.8480 -0.0800 1.0021
0.5280 -0.8480 -0.0800 1.0021
0.5280 -0.8480 -0.0800 1.0021
0.5280 -0.8480 -0.0960 1.0035
0.5280 -0.8480 -0.0960 1.0035
0.5280 -0.8480 -0.0960 1.0035
0.5280 -0.8480 -0.0960 1.0035
0.5280 -0.8480 -0.0960 1.0035
0.5280 -0.8480 -0.1280 1.0071
0.5280 -0.8640 -0.1280 1.0206
0.5280 -0.8640 -0.1280 1.0206
0.5280 -0.8640 -0.1280 1.0206
0.5280 -0.8640 -0.1120 1.0187
0.5280 -0.8960 -0.1120 1.0460
0.5280 -0.8960 -0.1120 1.0460
0.5280 -0.8640 -0.1120 1.0187
0.5280 -0.8640 -0.1120 1.0187
0.5280 -0.8640 -0.1120 1.0187
0.5120 -0.8640 -0.1120 1.0105
0.5120 -0.8640 -0.1120 1.0105
0.5120 -0.8640 -0.1120 1.0105
0.5120 -0.8640 -0.1120 1.0105
0.5120 -0.8640 -0.1120 1.0105
0.5280 -0.8960 -0.1120 1.0460
0.5280 -0.8960 -0.1120 1.0460
0.5280 -0.8960 -0.1120 1.0460
0.5280 -0.8960 -0.1120 1.0460
0.5120 -0.8960 -0.1120 1.0380
0.5120 -0.8960 -0.1120 1.0380
0.5120 -0.8960 -0.1120 1.0380
0.5120 -0.8960 -0.1120 1.0380
0.5120 -0.8960 -0.0960 1.0364
0.5120 -0.8640 -0.1600 1.0170
0.5120 -0.8640 -0.1600 1.0170
0.5120 -0.8640 -0.1600 1.0170
0.5120 -0.8640 -0.1600 1.0170
0.5120 -0.8960 -0.0960 1.0364
0.5120 -0.8960 -0.0960 1.0364
0.5120 -0.8960 -0.0960 1.0364
0.5120 -0.8960 -0.0960 1.0364
0.5120 -0.8960 -0.1120 1.0380
0.5280 -0.8800 -0.1120 1.0323
0.5280 -0.8800 -0.1120 1.0323
0.5280 -0.8800 -0.1120 1.0323
0.5280 -0.8800 -0.1120 1.0323
0.5280 -0.8800 -0.1280 1.0342
0.5280 -0.8640 -0.1120 1.0187
0.5280 -0.8960 -0.1120 1.0460
0.5280 -0.8960 -0.1120 1.0460
0.5280 -0.8960 -0.1120 1.0460
0.5280 -0.8960 -0.0960 1.0444
0.5280 -0.8480 -0.1600 1.0117
0.5280 -0.8480 -0.1600 1.0117
0.5280 -0.8480 -0.1600 1.0117
0.5280 -0.8480 -0.1600 1.0117
0.5120 -0.8480 -0.1600 1.0034
0.5120 -0.8480 -0.1600 1.0034
0.5120 -0.8480 -0.1600 1.0034
0.5120 -0.8480 -0.1600 1.0034
0.5120 -0.8480 -0.1600 1.0034
0.5120 -0.8800 -0.0960 1.0226
0.5120 -0.8800 -0.0960 1.0226
0.5120 -0.8800 -0.0960 1.0226
0.5120 -0.8800 -0.0960 1.0226
0.5120 -0.8800 -0.1120 1.0243
0.5280 -0.8640 -0.1120 1.0187
0.5280 -0.8640 -0.1120 1.0187
0.5280 -0.8640 -0.1120 1.0187
0.5280 -0.8640 -0.0800 1.0157
0.4640 -0.8800 -0.0800 0.9980
0.4640 -0.8800 -0.0800 0.9980
0.4640 -0.8800 -0.0800 0.9980
0.4640 -0.8800 -0.0800 0.9980
0.4640 -0.8800 -0.1280 1.0030
0.5280 -0.8800 -0.1280 1.0342
0.5280 -0.8800 -0.1280 1.0342
0.5280 -0.8800 -0.1280 1.0342
0.5280 -0.8800 -0.1280 1.0342
0.5280 -0.8960 -0.0800 1.0431
0.4480 -0.8960 -0.0800 1.0049
0.4480 -0.8960 -0.0800 1.0049
0.4480 -0.8960 -0.0800 1.0049
0.4480 -0.8960 -0.0800 1.0049
0.4480 -0.8960 -0.1280 1.0099
0.5280 -0.8640 -0.1280 1.0206
0.5280 -0.8640 -0.1280 1.0206
0.5280 -0.8640 -0.1280 1.0206
0.5280 -0.8640 -0.1280 1.0206
0.5120 -0.8800 -0.1280 1.0261
0.5120 -0.8800 -0.1280 1.0261
0.5120 -0.8800 -0.1280 1.0261
0.5120 -0.8800 -0.1280 1.0261
0.5120 -0.8800 -0.1280 1.0261
0.5280 -0.8800 -0.1280 1.0342
0.5280 -0.8800 -0.1280 1.0342
0.5280 -0.8800 -0.1280 1.0342
0.5280 -0.8800 -0.0800 1.0294
0.4800 -0.8960 -0.0800 1.0196
0.4800 -0.8960 -0.0800 1.0196
0.4800 -0.8960 -0.0800 1.0196
0.4800 -0.8960 -0.0800 1.0196
0.4800 -0.8960 -0.1120 1.0226
0.5280 -0.8800 -0.1120 1.0323
0.5280 -0.8800 -0.1120 1.0323
0.5280 -0.8800 -0.1120 1.0323
0.5280 -0.8800 -0.1120 1.0323
0.5280 -0.8800 -0.0960 1.0307
0.5120 -0.8640 -0.1600 1.0170
0.5120 -0.8640 -0.1600 1.0170
0.5120 -0.8640 -0.1600 1.0170
0.5120 -0.8640 -0.1920 1.0225
0.5120 -0.8480 -0.1760 1.0061
0.5120 -0.8800 -0.1120 1.0243
0.5120 -0.8800 -0.1120 1.0243
0.5120 -0.8800 -0.1120 1.0243
0.5120 -0.8800 -0.1280 1.0261
0.5120 -0.8480 -0.1920 1.0090
0.5120 -0.8480 -0.1920 1.0090
0.5120 -0.8480 -0.1920 1.0090
0.5120 -0.8480 -0.1920 1.0090
0.5120 -0.8480 -0.1920 1.0090
0.5120 -0.8480 -0.1920 1.0090
0.5120 -0.8480 -0.1920 1.0090
0.5120 -0.8480 -0.1920 1.0090
0.5120 -0.8480 -0.1920 1.0090
0.5120 -0.8480 -0.1760 1.0061
0.5600 -0.9440 -0.1120 1.1033
0.5600 -0.9440 -0.1120 1.1033
0.5600 -0.9440 -0.1120 1.1033
0.5600 -0.9440 -0.1120 1.1033
0.5120 -0.8640 -0.1120 1.0105
0.5120 -0.8640 -0.1120 1.0105
0.5120 -0.8640 -0.1120 1.0105
0.5120 -0.8640 -0.1120 1.0105
0.5120 -0.8640 -0.1280 1.0124
0.5280 -0.8640 -0.1280 1.0206
0.5280 -0.8640 -0.1280 1.0206
0.5280 -0.8640 -0.1280 1.0206
0.5280 -0.8640 -0.1120 1.0187
0.5120 -0.8960 -0.1120 1.0380
0.5120 -0.8960 -0.1120 1.0380
0.5120 -0.8960 -0.1120 1.0380
0.5120 -0.8960 -0.1120 1.0380
0.5280 -0.8960 -0.1120 1.0460
0.5280 -0.8960 -0.1280 1.0478
0.5120 -0.8640 -0.1280 1.0124
0.5120 -0.8640 -0.1280 1.0124
0.5120 -0.8640 -0.1280 1.0124
0.5120 -0.8640 -0.1280 1.0124
0.5280 -0.8960 -0.1280 1.0478
0.5280 -0.8960 -0.1280 1.0478
0.5280 -0.8960 -0.1280 1.0478
0.5280 -0.8960 -0.1280 1.0478
0.5280 -0.8960 -0.1120 1.0460
0.5280 -0.8960 -0.1120 1.0460
0.5280 -0.8960 -0.1120 1.0460
0.5280 -0.8960 -0.1120 1.0460
0.5280 -0.8960 -0.1120 1.0460
0.5280 -0.8960 -0.1120 1.0460
0.5280 -0.8960 -0.1120 1.0460
0.5280 -0.8960 -0.1120 1.0460
0.5280 -0.8960 -0.1120 1.0460
0.5280 -0.8960 -0.1120 1.0460
0.5280 -0.8640 -0.1120 1.0187
0.5280 -0.8640 -0.1120 1.0187
0.5280 -0.8640 -0.1120 1.0187
0.5280 -0.8640 -0.1120 1.0187
0.5280 -0.8640 -0.1280 1.0206
0.5120 -0.8800 -0.1280 1.0261
0.5120 -0.8800 -0.1280 1.0261
0.5120 -0.8800 -0.1280 1.0261
0.5120 -0.8800 -0.0960 1.0226
0.5280 -0.8800 -0.0960 1.0307
0.5280 -0.8800 -0.0960 1.0307
0.5280 -0.8800 -0.1120 1.0323
0.5280 -0.8800 -0.1120 1.0323
0.5280 -0.8800 -0.0960 1.0307
0.5280 -0.8800 -0.0960 1.0307
0.5280 -0.8800 -0.0960 1.0307
0.5280 -0.8800 -0.0960 1.0307
0.5280 -0.8800 -0.0960 1.0307
0.5280 -0.8800 -0.1120 1.0323
0.5120 -0.8960 -0.1120 1.0380
0.5120 -0.8960 -0.1120 1.0380
0.5120 -0.8960 -0.1120 1.0380
0.5120 -0.8960 -0.1120 1.0380
0.5120 -0.8960 -0.0960 1.0364
0.5120 -0.8800 -0.0960 1.0226
0.5120 -0.8800 -0.0960 1.0226
0.5120 -0.8800 -0.0960 1.0226
0.5120 -0.8800 -0.1120 1.0243
0.5120 -0.8640 -0.1120 1.0105
0.5120 -0.8640 -0.1120 1.0105
0.5120 -0.8640 -0.1120 1.0105
0.5120 -0.8640 -0.1120 1.0105
0.5120 -0.8640 -0.1280 1.0124
0.5280 -0.8640 -0.1280 1.0206
0.5280 -0.8640 -0.1280 1.0206
0.5280 -0.8640 -0.1280 1.0206
0.5280 -0.8640 -0.1280 1.0206
0.5440 -0.8800 -0.1280 1.0425
0.5440 -0.8800 -0.1280 1.0425
0.5440 -0.8800 -0.1280 1.0425
0.5440 -0.8800 -0.1280 1.0425
0.5440 -0.8800 -0.1280 1.0425
0.5280 -0.8480 -0.1920 1.0172
0.5280 -0.8480 -0.1920 1.0172
0.5280 -0.8960 -0.1280 1.0478
0.5280 -0.8960 -0.1280 1.0478
0.5280 -0.8960 -0.1280 1.0478
0.5120 -0.8800 -0.1280 1.0261
0.5120 -0.8800 -0.1280 1.0261
0.5120 -0.8800 -0.1280 1.0261
0.5120 -0.8800 -0.1280 1.0261
0.5120 -0.8800 -0.1120 1.0243
0.5280 -0.8640 -0.1120 1.0187
0.5280 -0.8640 -0.1120 1.0187
0.5280 -0.8640 -0.1120 1.0187
0.5280 -0.8640 -0.1120 1.0187
0.5280 -0.8640 -0.1120 1.0187
0.5280 -0.8800 -0.1120 1.0323
0.5280 -0.8800 -0.1120 1.0323
0.5280 -0.8800 -0.1120 1.0323
0.5280 -0.8800 -0.1280 1.0342
0.5120 -0.8640 -0.1920 1.0225
0.5120 -0.8640 -0.1920 1.0225
0.5120 -0.8640 -0.1920 1.0225
0.5120 -0.8640 -0.1920 1.0225
0.5120 -0.8640 -0.1760 1.0196
0.5120 -0.8640 -0.1760 1.0196
0.5120 -0.8640 -0.1760 1.0196
0.5120 -0.8640 -0.1760 1.0196
0.5120 -0.8640 -0.1600 1.0170
0.5120 -0.8640 -0.1600 1.0170
0.5120 -0.8640 -0.1600 1.0170
0.5120 -0.8640 -0.1600 1.0170
0.5120 -0.8640 -0.1600 1.0170
0.5120 -0.8640 -0.1600 1.0170
0.5120 -0.8800 -0.0800 1.0212
0.5280 -0.8800 -0.0800 1.0294
0.5280 -0.8800 -0.0800 1.0294
0.5280 -0.8800 -0.0800 1.0294
0.5280 -0.8800 -0.0960 1.0307
0.5280 -0.8480 -0.1600 1.0117
0.5280 -0.8480 -0.1600 1.0117
0.5280 -0.8480 -0.1600 1.0117
0.5280 -0.8480 -0.1600 1.0117
0.5280 -0.8480 -0.1600 1.0117
0.5280 -0.8480 -0.1600 1.0117
0.5280 -0.8480 -0.1600 1.0117
0.5280 -0.8480 -0.1600 1.0117
0.5280 -0.8480 -0.1440 1.0093
0.5280 -0.8640 -0.1440 1.0227
0.5280 -0.8640 -0.1440 1.0227
0.5280 -0.8640 -0.1440 1.0227
0.5280 -0.8640 -0.1440 1.0227
0.5280 -0.8640 -0.1600 1.0251
0.5440 -0.8800 -0.0960 1.0390
0.5440 -0.8800 -0.0960 1.0390
0.5440 -0.8800 -0.0960 1.0390
0.5440 -0.8800 -0.0960 1.0390
0.5440 -0.8800 -0.1280 1.0425
0.5280 -0.8480 -0.1280 1.0071
0.5280 -0.8480 -0.1280 1.0071
0.5280 -0.8480 -0.1280 1.0071
0.5280 -0.8480 -0.1280 1.0071
0.5280 -0.8640 -0.1280 1.0206
0.5280 -0.8640 -0.1280 1.0206
0.5280 -0.8640 -0.1280 1.0206
0.5280 -0.8640 -0.1280 1.0206
0.5280 -0.8640 -0.1120 1.0187
0.5280 -0.8960 -0.1120 1.0460
0.5280 -0.8640 -0.1120 1.0187
0.5280 -0.8640 -0.1120 1.0187
0.5280 -0.8640 -0.1120 1.0187
0.5280 -0.8640 -0.1120 1.0187
0.5120 -0.8480 -0.1120 0.9969
0.5120 -0.8480 -0.1120 0.9969
0.5120 -0.8480 -0.1120 0.9969
0.5120 -0.8480 -0.1120 0.9969
0.5120 -0.8480 -0.1120 0.9969
0.5120 -0.8480 -0.1120 0.9969
0.5120 -0.8480 -0.1120 0.9969
0.5120 -0.8480 -0.1120 0.9969
0.5120 -0.8480 -0.1120 0.9969
0.5120 -0.8480 -0.1120 0.9969
0.5120 -0.8480 -0.1120 0.9969
0.5120 -0.8480 -0.1120 0.9969
0.5120 -0.8480 -0.1120 0.9969
0.5120 -0.8480 -0.1280 0.9988
0.5280 -0.8640 -0.1280 1.0206
0.5280 -0.8640 -0.1280 1.0206
0.5280 -0.8640 -0.1280 1.0206
0.5280 -0.8640 -0.1120 1.0187
0.5280 -0.8640 -0.1120 1.0187
0.5280 -0.8640 -0.1120 1.0187
0.5280 -0.8640 -0.1120 1.0187
0.5280 -0.8640 -0.1120 1.0187
0.5280 -0.8640 -0.0960 1.0171
0.5280 -0.8800 -0.0960 1.0307
0.5280 -0.8800 -0.0960 1.0307
0.5280 -0.8800 -0.0960 1.0307
0.5280 -0.8800 -0.0800 1.0294
0.5280 -0.8800 -0.0960 1.0307
0.5280 -0.8960 -0.0960 1.0444
0.5280 -0.8960 -0.0960 1.0444
0.5280 -0.8960 -0.0960 1.0444
0.5280 -0.8960 -0.0960 1.0444
0.5280 -0.8960 -0.0960 1.0444
0.5280 -0.8960 -0.0960 1.0444
0.5280 -0.8960 -0.0960 1.0444
0.5280 -0.8960 -0.0960 1.0444
0.5280 -0.8960 -0.0960 1.0444
0.5120 -0.8640 -0.0960 1.0089
0.5120 -0.8640 -0.0960 1.0089
0.5120 -0.8640 -0.0960 1.0089
0.5120 -0.8640 -0.0960 1.0089
0.5120 -0.8640 -0.0960 1.0089
0.5280 -0.8640 -0.0960 1.0171
0.5280 -0.8640 -0.0960 1.0171
0.5280 -0.8640 -0.0960 1.0171
0.5280 -0.8640 -0.0960 1.0171
0.5280 -0.8640 -0.1120 1.0187
0.5280 -0.8640 -0.1120 1.0187
0.5280 -0.8640 -0.1120 1.0187
0.5280 -0.8640 -0.1120 1.0187
0.5280 -0.8640 -0.1120 1.0187
0.5280 -0.8480 -0.1120 1.0052
0.5280 -0.8480 -0.1120 1.0052
0.5280 -0.8480 -0.1120 1.0052
0.5280 -0.8480 -0.1120 1.0052
0.5280 -0.8480 -0.1120 1.0052
0.5280 -0.8480 -0.1760 1.0143
0.5280 -0.8480 -0.1760 1.0143
0.5280 -0.8480 -0.1760 1.0143
0.5280 -0.8960 -0.1120 1.0460
0.5280 -0.8960 -0.1280 1.0478
0.5280 -0.8480 -0.1920 1.0172
0.5280 -0.8480 -0.1920 1.0172
0.5280 -0.8480 -0.1920 1.0172
0.5280 -0.8480 -0.1920 1.0172
0.5280 -0.8480 -0.1920 1.0172
0.5280 -0.8960 -0.1280 1.0478
0.5280 -0.8960 -0.1280 1.0478
0.5280 -0.8960 -0.1280 1.0478
0.5280 -0.8960 -0.1120 1.0460
0.5120 -0.8800 -0.1120 1.0243
0.5120 -0.8800 -0.1120 1.0243
0.5120 -0.8800 -0.1120 1.0243
0.5120 -0.8800 -0.1120 1.0243
0.5120 -0.8800 -0.0960 1.0226
0.5280 -0.8640 -0.0960 1.0171
0.5280 -0.8640 -0.0960 1.0171
0.5280 -0.8640 -0.0960 1.0171
0.5280 -0.8640 -0.0960 1.0171
0.5280 -0.8640 -0.1120 1.0187
0.5280 -0.8800 -0.1120 1.0323
0.5280 -0.8800 -0.1120 1.0323
0.5280 -0.8800 -0.1120 1.0323
0.5280 -0.8800 -0.1120 1.0323
0.5280 -0.8800 -0.1120 1.0323
0.5280 -0.8800 -0.1120 1.0323
0.5280 -0.8800 -0.1120 1.0323
0.5280 -0.8800 -0.1120 1.0323
0.5280 -0.8800 -0.0960 1.0307
0.5120 -0.8960 -0.0960 1.0364
0.5120 -0.8960 -0.1120 1.0380
0.5120 -0.8960 -0.1120 1.0380
0.5120 -0.8960 -0.1120 1.0380
0.5120 -0.8960 -0.1280 1.0399
0.5280 -0.8800 -0.1280 1.0342
0.5280 -0.8800 -0.1280 1.0342
0.5280 -0.8800 -0.1280 1.0342
0.5280 -0.8800 -0.1280 1.0342
0.5280 -0.8800 -0.1120 1.0323
0.5280 -0.8960 -0.1120 1.0460
0.5280 -0.8960 -0.1120 1.0460
0.5280 -0.8960 -0.1120 1.0460
0.5280 -0.8960 -0.1120 1.0460
0.5280 -0.8960 -0.1120 1.0460
0.5280 -0.8960 -0.1120 1.0460
0.5280 -0.8960 -0.1120 1.0460
0.5280 -0.8960 -0.1120 1.0460
0.5280 -0.8960 -0.0800 1.0431
0.5280 -0.8800 -0.0800 1.0294
0.5280 -0.8800 -0.0800 1.0294
0.5280 -0.8800 -0.0800 1.0294
0.5280 -0.8800 -0.0960 1.0307
0.5120 -0.8480 -0.0960 0.9952
0.5120 -0.8480 -0.0960 0.9952
0.5120 -0.8480 -0.0960 0.9952
0.5120 -0.8480 -0.0960 0.9952
0.5120 -0.8480 -0.1120 0.9969
0.5280 -0.8640 -0.1120 1.0187
0.5280 -0.8640 -0.1120 1.0187
0.5280 -0.8640 -0.1120 1.0187
0.5280 -0.8640 -0.1120 1.0187
0.5280 -0.8640 -0.1120 1.0187
0.5280 -0.8640 -0.0960 1.0171
0.5280 -0.8480 -0.0960 1.0035
0.5280 -0.8480 -0.0960 1.0035
0.5280 -0.8480 -0.0960 1.0035
0.5280 -0.8480 -0.1120 1.0052
0.5280 -0.8960 -0.1120 1.0460
0.5280 -0.8960 -0.1120 1.0460
0.5280 -0.8960 -0.1120 1.0460
0.5280 -0.8960 -0.1120 1.0460
0.5280 -0.8800 -0.1120 1.0323
0.5280 -0.8800 -0.1120 1.0323
0.5280 -0.8800 -0.1120 1.0323
0.5280 -0.8800 -0.1120 1.0323
0.5280 -0.8800 -0.1120 1.0323
0.5120 -0.8800 -0.1120 1.0243
0.5120 -0.8800 -0.1120 1.0243
0.5120 -0.8800 -0.1120 1.0243
0.5120 -0.8800 -0.1120 1.0243
0.5120 -0.8800 -0.1280 1.0261
0.5120 -0.8480 -0.1920 1.0090
0.5120 -0.8480 -0.1920 1.0090
0.5120 -0.8480 -0.1920 1.0090
0.5120 -0.8480 -0.1760 1.0061
0.5280 -0.8960 -0.1120 1.0460
0.5280 -0.8960 -0.1120 1.0460
0.5280 -0.8960 -0.1120 1.0460
0.5280 -0.8960 -0.1120 1.0460
0.5280 -0.8960 -0.1120 1.0460
0.5280 -0.8640 -0.1760 1.0277
0.5280 -0.8640 -0.1760 1.0277
0.5280 -0.8640 -0.1760 1.0277
0.5280 -0.8640 -0.1600 1.0251
0.5120 -0.8960 -0.0960 1.0364
0.5120 -0.8480 -0.1600 1.0034
0.5120 -0.8480 -0.1600 1.0034
0.5120 -0.8480 -0.1600 1.0034
0.5120 -0.8480 -0.1600 1.0034
0.5120 -0.8960 -0.0960 1.0364
0.5120 -0.8960 -0.0960 1.0364
0.5120 -0.8960 -0.0960 1.0364
0.5120 -0.8960 -0.0960 1.0364
0.5120 -0.8960 -0.1120 1.0380
0.5120 -0.8960 -0.1120 1.0380
0.5120 -0.8960 -0.1120 1.0380
0.5120 -0.8960 -0.1120 1.0380
0.5120 -0.8960 -0.1120 1.0380
0.5120 -0.8960 -0.1280 1.0399
0.5600 -0.9440 -0.1280 1.1050
0.5600 -0.9440 -0.1280 1.1050
0.5600 -0.9440 -0.1280 1.1050
0.5600 -0.9440 -0.1280 1.1050
0.5120 -0.8960 -0.0640 1.0340
0.5120 -0.8960 -0.0640 1.0340
0.5120 -0.8960 -0.0640 1.0340
0.5120 -0.8960 -0.0640 1.0340
0.5120 -0.8960 -0.0640 1.0340
0.5120 -0.8640 -0.1280 1.0124
0.5120 -0.8640 -0.1280 1.0124
0.5120 -0.8640 -0.1280 1.0124
0.5120 -0.8640 -0.1280 1.0124
0.5120 -0.8480 -0.1280 0.9988
0.5120 -0.8480 -0.1280 0.9988
0.5120 -0.8480 -0.1280 0.9988
0.5120 -0.8480 -0.1280 0.9988
0.5120 -0.8480 -0.1120 0.9969
0.5280 -0.8800 -0.0960 1.0307
0.5120 -0.8480 -0.0960 0.9952
0.5120 -0.8480 -0.0960 0.9952
0.5120 -0.8480 -0.0960 0.9952
0.5120 -0.8480 -0.1120 0.9969
0.5280 -0.8480 -0.1120 1.0052
0.5280 -0.8480 -0.1120 1.0052
0.5280 -0.8480 -0.1120 1.0052
0.5280 -0.8480 -0.1120 1.0052
0.5280 -0.8480 -0.1280 1.0071
0.5280 -0.8800 -0.1280 1.0342
0.5280 -0.8800 -0.1280 1.0342
0.5280 -0.8800 -0.1280 1.0342
0.5280 -0.8800 -0.0960 1.0307
0.5280 -0.8960 -0.0960 1.0444
0.5280 -0.8960 -0.0960 1.0444
0.5280 -0.8960 -0.0960 1.0444
0.5280 -0.8960 -0.0960 1.0444
0.5280 -0.8960 -0.0960 1.0444
0.5280 -0.8960 -0.0960 1.0444
0.5280 -0.8960 -0.0960 1.0444
0.5280 -0.8960 -0.0960 1.0444
0.5280 -0.8960 -0.0960 1.0444
0.5280 -0.8960 -0.0800 1.0431
0.5120 -0.8800 -0.0800 1.0212
0.5120 -0.8800 -0.0800 1.0212
0.5120 -0.8800 -0.0800 1.0212
0.5120 -0.8800 -0.0800 1.0212
0.5120 -0.8640 -0.0800 1.0075
0.5120 -0.8640 -0.0800 1.0075
0.5120 -0.8640 -0.0800 1.0075
0.5120 -0.8640 -0.0960 1.0089
0.5120 -0.8640 -0.0960 1.0089
0.5120 -0.8640 -0.1120 1.0105
0.5120 -0.8960 -0.0480 1.0331
0.5120 -0.8960 -0.0480 1.0331
0.5120 -0.8960 -0.0480 1.0331
0.5120 -0.8960 -0.0640 1.0340
0.5280 -0.8800 -0.1280 1.0342
0.5280 -0.8800 -0.1280 1.0342
0.5280 -0.8800 -0.1280 1.0342
0.5280 -0.8800 -0.1280 1.0342
0.5280 -0.8800 -0.1120 1.0323
0.5280 -0.8800 -0.1120 1.0323
0.5280 -0.8800 -0.1120 1.0323
0.5280 -0.8800 -0.1120 1.0323
0.5280 -0.8800 -0.0800 1.0294
0.4800 -0.8960 -0.0800 1.0196
0.4800 -0.8960 -0.0800 1.0196
0.4800 -0.8960 -0.0800 1.0196
0.4800 -0.8960 -0.0800 1.0196
0.4800 -0.8960 -0.0960 1.0210
0.5280 -0.8960 -0.0960 1.0444
0.5280 -0.8960 -0.0960 1.0444
0.5280 -0.8960 -0.0960 1.0444
0.5280 -0.8960 -0.0960 1.0444
0.5280 -0.8960 -0.1120 1.0460
0.5280 -0.8640 -0.1120 1.0187
0.5280 -0.8640 -0.1120 1.0187
0.5280 -0.8640 -0.1120 1.0187
0.5280 -0.8640 -0.1120 1.0187
0.5120 -0.8480 -0.1120 0.9969
0.5120 -0.8480 -0.1120 0.9969
0.5120 -0.8480 -0.1120 0.9969
0.5280 -0.8640 -0.1120 1.0187
0.5280 -0.8640 -0.1120 1.0187
0.5120 -0.8960 -0.1120 1.0380
0.5120 -0.8960 -0.1120 1.0380
0.5120 -0.8960 -0.1120 1.0380
0.5120 -0.8960 -0.1120 1.0380
0.5120 -0.8960 -0.0960 1.0364
0.5280 -0.8800 -0.0960 1.0307
0.5280 -0.8800 -0.0960 1.0307
0.5280 -0.8800 -0.0960 1.0307
0.5280 -0.8800 -0.0960 1.0307
0.5280 -0.8800 -0.0960 1.0307
0.5280 -0.8960 -0.0960 1.0444
0.5280 -0.8960 -0.0960 1.0444
0.5280 -0.8960 -0.0960 1.0444
0.5280 -0.8960 -0.1120 1.0460
0.5280 -0.8800 -0.1120 1.0323
0.5280 -0.8800 -0.1120 1.0323
0.5280 -0.8800 -0.1120 1.0323
0.5280 -0.8800 -0.1120 1.0323
0.5280 -0.8800 -0.1280 1.0342
0.5280 -0.8800 -0.1280 1.0342
0.5280 -0.8800 -0.1280 1.0342
0.5280 -0.8800 -0.1280 1.0342
0.5280 -0.8800 -0.1120 1.0323
0.5280 -0.8800 -0.1120 1.0323
0.5280 -0.8800 -0.1120 1.0323
0.5280 -0.8800 -0.1120 1.0323
0.5280 -0.8800 -0.1120 1.0323
0.5280 -0.8800 -0.1120 1.0323
0.5280 -0.8800 -0.1120 1.0323
0.5280 -0.8800 -0.1120 1.0323
0.5120 -0.8800 -0.1120 1.0243
0.5120 -0.8800 -0.1120 1.0243
0.5120 -0.8800 -0.1120 1.0243
0.5120 -0.8640 -0.1120 1.0105
0.5120 -0.8640 -0.1120 1.0105
0.5120 -0.8640 -0.1120 1.0105
0.5120 -0.8640 -0.1120 1.0105
0.5120 -0.8640 -0.1120 1.0105
0.5280 -0.8480 -0.1120 1.0052
0.5280 -0.8480 -0.1120 1.0052
0.5280 -0.8480 -0.1120 1.0052
0.5280 -0.8480 -0.1280 1.0071
0.5440 -0.8960 -0.0640 1.0502
0.5440 -0.8960 -0.0640 1.0502
0.5440 -0.8960 -0.0640 1.0502
0.5440 -0.8960 -0.0640 1.0502
0.5440 -0.8960 -0.0640 1.0502
0.5280 -0.8640 -0.1280 1.0206
0.5280 -0.8640 -0.1280 1.0206
0.5280 -0.8640 -0.1280 1.0206
0.5280 -0.8640 -0.0960 1.0171
0.5280 -0.8800 -0.0960 1.0307
0.5280 -0.8800 -0.0960 1.0307
0.5280 -0.8800 -0.0960 1.0307
0.5280 -0.8800 -0.0960 1.0307
0.5280 -0.8800 -0.0800 1.0294
0.5280 -0.8960 -0.0800 1.0431
0.5280 -0.8960 -0.0800 1.0431
0.5280 -0.8960 -0.0800 1.0431
0.5280 -0.8960 -0.0800 1.0431
0.5280 -0.8960 -0.0960 1.0444
0.5120 -0.8960 -0.0960 1.0364
0.5280 -0.8800 -0.0960 1.0307
0.5280 -0.8800 -0.0960 1.0307
0.5280 -0.8800 -0.0960 1.0307
0.5280 -0.8800 -0.1120 1.0323
0.5280 -0.8800 -0.1120 1.0323
0.5280 -0.8800 -0.1120 1.0323
0.5280 -0.8800 -0.1120 1.0323
0.5280 -0.8800 -0.1120 1.0323
0.5440 -0.8480 -0.1760 1.0227
0.5440 -0.8480 -0.1760 1.0227
0.5440 -0.8480 -0.1760 1.0227
0.5440 -0.8480 -0.1760 1.0227
0.5440 -0.8480 -0.1440 1.0177
0.5280 -0.8480 -0.1440 1.0093
0.5280 -0.8480 -0.1440 1.0093
0.5280 -0.8480 -0.1440 1.0093
0.5280 -0.8480 -0.1440 1.0093
0.5280 -0.8480 -0.1600 1.0117
0.5120 -0.8960 -0.0960 1.0364
0.5120 -0.8960 -0.0960 1.0364
0.5120 -0.8960 -0.0960 1.0364
0.5120 -0.8960 -0.0960 1.0364
0.5600 -0.9440 -0.0960 1.1018
0.5600 -0.9440 -0.0960 1.1018
0.5600 -0.9440 -0.0960 1.1018
0.5600 -0.9440 -0.0960 1.1018
0.5600 -0.9440 -0.1280 1.1050
0.5280 -0.8800 -0.1280 1.0342
0.5280 -0.8800 -0.1280 1.0342
0.5280 -0.8800 -0.1280 1.0342
0.5280 -0.8800 -0.1280 1.0342
0.5280 -0.8800 -0.0800 1.0294
0.4480 -0.8640 -0.0800 0.9765
0.4640 -0.8480 -0.1440 0.9773
0.4640 -0.8480 -0.1440 0.9773
0.4640 -0.8480 -0.1440 0.9773
0.4640 -0.8480 -0.1920 0.9855
0.5280 -0.8480 -0.1920 1.0172
0.5280 -0.8480 -0.1920 1.0172
0.5280 -0.8480 -0.1920 1.0172
0.5280 -0.8480 -0.1600 1.0117
0.5120 -0.8960 -0.0960 1.0364
0.5120 -0.8960 -0.0960 1.0364
0.5120 -0.8960 -0.0960 1.0364
0.5120 -0.8960 -0.0960 1.0364
0.5120 -0.8960 -0.1120 1.0380
0.5120 -0.8800 -0.1120 1.0243
0.5120 -0.8800 -0.1120 1.0243
0.5120 -0.8800 -0.1120 1.0243
0.5120 -0.8800 -0.1120 1.0243
0.5120 -0.8800 -0.1280 1.0261
0.5120 -0.8800 -0.1280 1.0261
0.5120 -0.8800 -0.1280 1.0261
0.5120 -0.8800 -0.1280 1.0261
0.5120 -0.8800 -0.1280 1.0261
0.5440 -0.8800 -0.1280 1.0425
0.5440 -0.8800 -0.1280 1.0425
0.5440 -0.8800 -0.1280 1.0425
0.5440 -0.8800 -0.1280 1.0425
0.5440 -0.8800 -0.1280 1.0425
0.5280 -0.8960 -0.1280 1.0478
0.5280 -0.8960 -0.1280 1.0478
0.5280 -0.8960 -0.1280 1.0478
0.5280 -0.8960 -0.1120 1.0460
0.5280 -0.8960 -0.1120 1.0460
0.5280 -0.8800 -0.1120 1.0323
0.5280 -0.8800 -0.1120 1.0323
0.5280 -0.8800 -0.1120 1.0323
0.5280 -0.8800 -0.1120 1.0323
0.5280 -0.8800 -0.1280 1.0342
0.5120 -0.8640 -0.1280 1.0124
0.5120 -0.8640 -0.1280 1.0124
0.5120 -0.8640 -0.1280 1.0124
0.5120 -0.8640 -0.1280 1.0124
0.5280 -0.8480 -0.1280 1.0071
0.5280 -0.8480 -0.1280 1.0071
0.5280 -0.8480 -0.1280 1.0071
0.5280 -0.8480 -0.1280 1.0071
0.5280 -0.8480 -0.1120 1.0052
0.5120 -0.8800 -0.1120 1.0243
0.5120 -0.8800 -0.1120 1.0243
0.5120 -0.8800 -0.1120 1.0243
0.5120 -0.8800 -0.1120 1.0243
0.5280 -0.8960 -0.1120 1.0460
0.5280 -0.8960 -0.1120 1.0460
0.5280 -0.8960 -0.1120 1.0460
0.5280 -0.8960 -0.1120 1.0460
0.5280 -0.8960 -0.0960 1.0444
0.5280 -0.8800 -0.0960 1.0307
0.5280 -0.8800 -0.0960 1.0307
0.5280 -0.8800 -0.0960 1.0307
0.5280 -0.8800 -0.0960 1.0307
0.5280 -0.8800 -0.0960 1.0307
0.5280 -0.8800 -0.0960 1.0307
0.5280 -0.8800 -0.0960 1.0307
0.5280 -0.8800 -0.1120 1.0323
0.5280 -0.8800 -0.1120 1.0323
0.5280 -0.8800 -0.0960 1.0307
0.5440 -0.8960 -0.0960 1.0526
0.5440 -0.8960 -0.0960 1.0526
0.5440 -0.8960 -0.0960 1.0526
0.5440 -0.8960 -0.1120 1.0542
0.5280 -0.8800 -0.1120 1.0323
0.5280 -0.8800 -0.1120 1.0323
0.5280 -0.8800 -0.1120 1.0323
0.5280 -0.8800 -0.1120 1.0323
0.5280 -0.8800 -0.0960 1.0307
0.5120 -0.8640 -0.0960 1.0089
0.5120 -0.8640 -0.0960 1.0089
0.5120 -0.8640 -0.0960 1.0089
0.5120 -0.8640 -0.0960 1.0089
0.5120 -0.8640 -0.1120 1.0105
0.5280 -0.8800 -0.1120 1.0323
0.5280 -0.8800 -0.1120 1.0323
0.5280 -0.8800 -0.1120 1.0323
0.5280 -0.8800 -0.1120 1.0323
0.5280 -0.8960 -0.1120 1.0460
0.5280 -0.8960 -0.1120 1.0460
0.5280 -0.8960 -0.1120 1.0460
0.5280 -0.8960 -0.1120 1.0460
0.5280 -0.8960 -0.0800 1.0431
0.5280 -0.8800 -0.0800 1.0294
0.5280 -0.8800 -0.0800 1.0294
0.5280 -0.8800 -0.0800 1.0294
0.5280 -0.8800 -0.0960 1.0307
0.5120 -0.8480 -0.0960 0.9952
0.5120 -0.8480 -0.0960 0.9952
0.5120 -0.8480 -0.0960 0.9952
0.5120 -0.8480 -0.0960 0.9952
0.5120 -0.8480 -0.0960 0.9952
0.5120 -0.8480 -0.1280 0.9988
0.5600 -0.9600 -0.0640 1.1132
0.5600 -0.9600 -0.0640 1.1132
0.5600 -0.9600 -0.0640 1.1132
0.5600 -0.9600 -0.0640 1.1132
0.5120 -0.8480 -0.1280 0.9988
0.5120 -0.8480 -0.1280 0.9988
0.5120 -0.8480 -0.1280 0.9988
0.5120 -0.8480 -0.1280 0.9988
0.5120 -0.8480 -0.1120 0.9969
0.5280 -0.8800 -0.1120 1.0323
0.5280 -0.8800 -0.1120 1.0323
0.5280 -0.8800 -0.1120 1.0323
0.5280 -0.8800 -0.1280 1.0342
0.5280 -0.8960 -0.1280 1.0478
0.5280 -0.8960 -0.1280 1.0478
0.5280 -0.8960 -0.1280 1.0478
0.5280 -0.8960 -0.1280 1.0478
0.5280 -0.8960 -0.0960 1.0444
0.5280 -0.8960 -0.0960 1.0444
0.5280 -0.8960 -0.0960 1.0444
0.5280 -0.8960 -0.0960 1.0444
0.5280 -0.8960 -0.0960 1.0444
0.5280 -0.8960 -0.0960 1.0444
0.5120 -0.8800 -0.0960 1.0226
0.5120 -0.8800 -0.0960 1.0226
0.5120 -0.8800 -0.0960 1.0226
0.5120 -0.8800 -0.0960 1.0226
0.5120 -0.8800 -0.0960 1.0226
0.5120 -0.8800 -0.1280 1.0261
0.5120 -0.8960 -0.1280 1.0399
0.5280 -0.8480 -0.1920 1.0172
0.5280 -0.8480 -0.1920 1.0172
0.5280 -0.8480 -0.1920 1.0172
0.5280 -0.8480 -0.1760 1.0143
0.5280 -0.8800 -0.1120 1.0323
0.5280 -0.8800 -0.1120 1.0323
0.5280 -0.8800 -0.1120 1.0323
0.5280 -0.8800 -0.1120 1.0323
0.5280 -0.8800 -0.1120 1.0323
0.5280 -0.8960 -0.1120 1.0460
0.5280 -0.8960 -0.1120 1.0460
0.5280 -0.8960 -0.1120 1.0460
0.5280 -0.8960 -0.1280 1.0478
0.5120 -0.8960 -0.1280 1.0399
0.5120 -0.8960 -0.1280 1.0399
0.5120 -0.8960 -0.1280 1.0399
0.5120 -0.8960 -0.1280 1.0399
0.5120 -0.8960 -0.1280 1.0399
0.5120 -0.8800 -0.1280 1.0261
0.5120 -0.8800 -0.1280 1.0261
0.5120 -0.8800 -0.1280 1.0261
0.5120 -0.8800 -0.1280 1.0261
0.5120 -0.8800 -0.0800 1.0212
0.4480 -0.8960 -0.0800 1.0049
0.4480 -0.8960 -0.0800 1.0049
0.4480 -0.8960 -0.0800 1.0049
0.4480 -0.8960 -0.1120 1.0080
0.5280 -0.8800 -0.1120 1.0323
0.5280 -0.8800 -0.1120 1.0323
0.5280 -0.8800 -0.1120 1.0323
0.5280 -0.8800 -0.0960 1.0307
0.5280 -0.8960 -0.1120 1.0460
0.5120 -0.8960 -0.1120 1.0380
0.5120 -0.8960 -0.1120 1.0380
0.5120 -0.8960 -0.1120 1.0380
0.5120 -0.8960 -0.1120 1.0380
0.5120 -0.8960 -0.1120 1.0380
0.5120 -0.8800 -0.1120 1.0243
0.5120 -0.8800 -0.1120 1.0243
0.5120 -0.8800 -0.1120 1.0243
0.5120 -0.8800 -0.1120 1.0243
0.5120 -0.8800 -0.1120 1.0243
0.5120 -0.8960 -0.1120 1.0380
0.5120 -0.8960 -0.1120 1.0380
0.5120 -0.8960 -0.1120 1.0380
0.5120 -0.8960 -0.1120 1.0380
0.5280 -0.8960 -0.1120 1.0460
0.5280 -0.8960 -0.1120 1.0460
0.5280 -0.8960 -0.1120 1.0460
0.5280 -0.8960 -0.1120 1.0460
0.5280 -0.8960 -0.1120 1.0460
0.5120 -0.8640 -0.1760 1.0196
0.5120 -0.8640 -0.1760 1.0196
0.5120 -0.8640 -0.1760 1.0196
0.5120 -0.8640 -0.1600 1.0170
0.5280 -0.8480 -0.1600 1.0117
0.5280 -0.8480 -0.1600 1.0117
0.5280 -0.8480 -0.1600 1.0117
0.5280 -0.8480 -0.1600 1.0117
0.5280 -0.8480 -0.1440 1.0093
0.5280 -0.8960 -0.0800 1.0431
0.5280 -0.8960 -0.0800 1.0431
0.5280 -0.8960 -0.0960 1.0444
0.5280 -0.8800 -0.0960 1.0307
0.5280 -0.8800 -0.0960 1.0307
0.5280 -0.8480 -0.0960 1.0035
0.5280 -0.8480 -0.0960 1.0035
0.5280 -0.8480 -0.0960 1.0035
0.5280 -0.8480 -0.0960 1.0035
0.5280 -0.8480 -0.1120 1.0052
0.5280 -0.8640 -0.1120 1.0187
0.5280 -0.8640 -0.1120 1.0187
0.5280 -0.8640 -0.1120 1.0187
0.5280 -0.8640 -0.0960 1.0171
0.5120 -0.8640 -0.0960 1.0089
0.5120 -0.8640 -0.0960 1.0089
0.5120 -0.8640 -0.0960 1.0089
0.5120 -0.8640 -0.0960 1.0089
0.5120 -0.8640 -0.0960 1.0089
0.5120 -0.8960 -0.0960 1.0364
0.5120 -0.8960 -0.0960 1.0364
0.5120 -0.8960 -0.0960 1.0364
0.5120 -0.8960 -0.1120 1.0380
0.5120 -0.8800 -0.1120 1.0243
0.5120 -0.8800 -0.1120 1.0243
0.5120 -0.8800 -0.1120 1.0243
0.5120 -0.8800 -0.1120 1.0243
0.5120 -0.8800 -0.1120 1.0243
0.5280 -0.8480 -0.1120 1.0052
0.5280 -0.8480 -0.1120 1.0052
0.5280 -0.8480 -0.1120 1.0052
0.5280 -0.8480 -0.1120 1.0052
0.5280 -0.8480 -0.1120 1.0052
0.5120 -0.8800 -0.1120 1.0243
0.5120 -0.8800 -0.1280 1.0261
0.5120 -0.8640 -0.1280 1.0124
0.5120 -0.8640 -0.1280 1.0124
0.5120 -0.8640 -0.1280 1.0124
0.5280 -0.8800 -0.1280 1.0342
0.5280 -0.8800 -0.1280 1.0342
0.5280 -0.8800 -0.1280 1.0342
0.5280 -0.8800 -0.1280 1.0342
0.5280 -0.8960 -0.1280 1.0478
0.5280 -0.8960 -0.1280 1.0478
0.5280 -0.8960 -0.1280 1.0478
0.5280 -0.8960 -0.1280 1.0478
0.5280 -0.8960 -0.1120 1.0460
0.5280 -0.8960 -0.1120 1.0460
0.5280 -0.8960 -0.1120 1.0460
0.5280 -0.8960 -0.1120 1.0460
0.5280 -0.8960 -0.0960 1.0444
0.5120 -0.8960 -0.0960 1.0364
0.5120 -0.8960 -0.0960 1.0364
0.5120 -0.8960 -0.0960 1.0364
0.5120 -0.8960 -0.0960 1.0364
0.5120 -0.8960 -0.0960 1.0364
0.5280 -0.8960 -0.0960 1.0444
0.5280 -0.8960 -0.0960 1.0444
0.5280 -0.8960 -0.0960 1.0444
0.5280 -0.8960 -0.0960 1.0444
0.5280 -0.8960 -0.1120 1.0460
0.5120 -0.8800 -0.1120 1.0243
0.5120 -0.8800 -0.1120 1.0243
0.5120 -0.8800 -0.1120 1.0243
0.5120 -0.8800 -0.1280 1.0261
0.5120 -0.8640 -0.1280 1.0124
0.5120 -0.8640 -0.1120 1.0105
0.5120 -0.8640 -0.1120 1.0105
0.5120 -0.8640 -0.1120 1.0105
0.5120 -0.8640 -0.0960 1.0089
0.5120 -0.8800 -0.0960 1.0226
0.5120 -0.8800 -0.0960 1.0226
0.5120 -0.8800 -0.0960 1.0226
0.5120 -0.8800 -0.0960 1.0226
0.5120 -0.8800 -0.1120 1.0243
0.5120 -0.8480 -0.1760 1.0061
0.5120 -0.8480 -0.1760 1.0061
0.5120 -0.8480 -0.1760 1.0061
0.5120 -0.8480 -0.1760 1.0061
0.5120 -0.8480 -0.1600 1.0034
0.5120 -0.8640 -0.0960 1.0089
0.5120 -0.8640 -0.0960 1.0089
0.5120 -0.8640 -0.0960 1.0089
0.5120 -0.8640 -0.0960 1.0089
0.5280 -0.8480 -0.0960 1.0035
0.5280 -0.8480 -0.0960 1.0035
0.5280 -0.8480 -0.0960 1.0035
0.5280 -0.8480 -0.0960 1.0035
0.5280 -0.8480 -0.1120 1.0052
0.5280 -0.8640 -0.1120 1.0187
0.5280 -0.8640 -0.1120 1.0187
0.5280 -0.8640 -0.1120 1.0187
0.5280 -0.8640 -0.1280 1.0206
0.5280 -0.8960 -0.1280 1.0478
0.5280 -0.8960 -0.1280 1.0478
0.5280 -0.8960 -0.1280 1.0478
0.5280 -0.8960 -0.1280 1.0478
0.5280 -0.8960 -0.1280 1.0478
0.5280 -0.8960 -0.1120 1.0460
0.5280 -0.8960 -0.1120 1.0460
0.5280 -0.8960 -0.1120 1.0460
0.5280 -0.8960 -0.1120 1.0460
0.5280 -0.8960 -0.1280 1.0478
0.5120 -0.8800 -0.1280 1.0261
0.5120 -0.8800 -0.1280 1.0261
0.5120 -0.8800 -0.1280 1.0261
0.5120 -0.8800 -0.1280 1.0261
0.5120 -0.8800 -0.1280 1.0261
0.5280 -0.8640 -0.1280 1.0206
0.5280 -0.8640 -0.1280 1.0206
0.5280 -0.8640 -0.1280 1.0206
0.5280 -0.8640 -0.1120 1.0187
0.5120 -0.8800 -0.1120 1.0243
0.5120 -0.8800 -0.1120 1.0243
0.5120 -0.8800 -0.1120 1.0243
0.5120 -0.8800 -0.1120 1.0243
0.5120 -0.8800 -0.0960 1.0226
0.5120 -0.8800 -0.0960 1.0226
0.5120 -0.8800 -0.0960 1.0226
0.5120 -0.8800 -0.0960 1.0226
0.5120 -0.8800 -0.0960 1.0226
0.5120 -0.8800 -0.0960 1.0226
0.5120 -0.8800 -0.0960 1.0226
0.5120 -0.8800 -0.0960 1.0226
0.5120 -0.8800 -0.0960 1.0226
0.5120 -0.8800 -0.0960 1.0226
0.5120 -0.8480 -0.0960 0.9952
0.5120 -0.8480 -0.0960 0.9952
0.5120 -0.8480 -0.0960 0.9952
0.5120 -0.8480 -0.0960 0.9952
0.5120 -0.8480 -0.1280 0.9988
0.5120 -0.8960 -0.0480 1.0331
0.5280 -0.8640 -0.1120 1.0187
0.5280 -0.8640 -0.1120 1.0187
0.5280 -0.8640 -0.1120 1.0187
0.5280 -0.8640 -0.0960 1.0171
0.5280 -0.8800 -0.0960 1.0307
0.5280 -0.8800 -0.0960 1.0307
0.5280 -0.8800 -0.0960 1.0307
0.5280 -0.8800 -0.0960 1.0307
0.5280 -0.8800 -0.0960 1.0307
0.5120 -0.8800 -0.0960 1.0226
0.5120 -0.8800 -0.0960 1.0226
0.5120 -0.8800 -0.0960 1.0226
0.5120 -0.8800 -0.0960 1.0226
0.5600 -0.9280 -0.0960 1.0881
0.5600 -0.9280 -0.0960 1.0881
0.5600 -0.9280 -0.0960 1.0881
0.5600 -0.9280 -0.0960 1.0881
0.5600 -0.9280 -0.1280 1.0914
0.5120 -0.8640 -0.1280 1.0124
0.5120 -0.8640 -0.1280 1.0124
0.5120 -0.8640 -0.1280 1.0124
0.5120 -0.8640 -0.1280 1.0124
0.5120 -0.8640 -0.1280 1.0124
0.5120 -0.8480 -0.1280 0.9988
0.5120 -0.8480 -0.1280 0.9988
0.5120 -0.8480 -0.1280 0.9988
0.5120 -0.8480 -0.1280 0.9988
0.5280 -0.8480 -0.1280 1.0071
0.5280 -0.8480 -0.1280 1.0071
0.5280 -0.8480 -0.1280 1.0071
0.5280 -0.8480 -0.1120 1.0052
0.5280 -0.8800 -0.1120 1.0323
0.5120 -0.8960 -0.1120 1.0380
0.5120 -0.8960 -0.1120 1.0380
0.5120 -0.8960 -0.1120 1.0380
0.5120 -0.8960 -0.1120 1.0380
0.5120 -0.8960 -0.0960 1.0364
0.5280 -0.8640 -0.1600 1.0251
0.5280 -0.8640 -0.1600 1.0251
0.5280 -0.8640 -0.1600 1.0251
0.5280 -0.8640 -0.1600 1.0251
0.5280 -0.8480 -0.1600 1.0117
0.5280 -0.8480 -0.1600 1.0117
0.5280 -0.8480 -0.1600 1.0117
0.5280 -0.8480 -0.1600 1.0117
0.5280 -0.8480 -0.1600 1.0117
0.5280 -0.8800 -0.0960 1.0307
0.5280 -0.8800 -0.0960 1.0307
0.5280 -0.8800 -0.0960 1.0307
0.5280 -0.8800 -0.0960 1.0307
0.5280 -0.8800 -0.1120 1.0323
0.5120 -0.8640 -0.1120 1.0105
0.5120 -0.8640 -0.1120 1.0105
0.5120 -0.8640 -0.1120 1.0105
0.5120 -0.8640 -0.1120 1.0105
0.5280 -0.8480 -0.1120 1.0052
0.5280 -0.8480 -0.1120 1.0052
0.5280 -0.8480 -0.1120 1.0052
0.5280 -0.8480 -0.1120 1.0052
0.5280 -0.8480 -0.1120 1.0052
0.5120 -0.8800 -0.1120 1.0243
0.5120 -0.8800 -0.1120 1.0243
0.5120 -0.8800 -0.1120 1.0243
0.5280 -0.8800 -0.1120 1.0323
0.5280 -0.8800 -0.0960 1.0307
0.5280 -0.8480 -0.0960 1.0035
0.5280 -0.8480 -0.0960 1.0035
0.5280 -0.8480 -0.0960 1.0035
0.5280 -0.8480 -0.0960 1.0035
0.5280 -0.8480 -0.1120 1.0052
0.5280 -0.8640 -0.1120 1.0187
0.5280 -0.8640 -0.1120 1.0187
0.5280 -0.8640 -0.1120 1.0187
0.5280 -0.8640 -0.1280 1.0206
0.5120 -0.8480 -0.1280 0.9988
0.5120 -0.8480 -0.1280 0.9988
0.5120 -0.8480 -0.1280 0.9988
0.5120 -0.8480 -0.1280 0.9988
0.5120 -0.8480 -0.1120 0.9969
0.5280 -0.8640 -0.1120 1.0187
0.5280 -0.8640 -0.1120 1.0187
0.5280 -0.8640 -0.1120 1.0187
0.5280 -0.8640 -0.1120 1.0187
0.5120 -0.8960 -0.1120 1.0380
0.5120 -0.8960 -0.1120 1.0380
0.5120 -0.8960 -0.1120 1.0380
0.5120 -0.8960 -0.1120 1.0380
0.5120 -0.8960 -0.1120 1.0380
0.5280 -0.8800 -0.1120 1.0323
0.5280 -0.8800 -0.1120 1.0323
0.5280 -0.8800 -0.1120 1.0323
0.5280 -0.8800 -0.1120 1.0323
0.5280 -0.8800 -0.0960 1.0307
0.5120 -0.8960 -0.0960 1.0364
0.5120 -0.8960 -0.0800 1.0351
0.5120 -0.8800 -0.0800 1.0212
0.5120 -0.8800 -0.0800 1.0212
0.5120 -0.8800 -0.0960 1.0226
0.5120 -0.8800 -0.0960 1.0226
0.5120 -0.8800 -0.0960 1.0226
0.5120 -0.8800 -0.0960 1.0226
0.5120 -0.8800 -0.0960 1.0226
0.5120 -0.8800 -0.1120 1.0243
0.5120 -0.8480 -0.1120 0.9969
0.5120 -0.8480 -0.1120 0.9969
0.5120 -0.8480 -0.1120 0.9969
0.5120 -0.8480 -0.1120 0.9969
0.5120 -0.8800 -0.1120 1.0243
0.5120 -0.8800 -0.1120 1.0243
0.5120 -0.8800 -0.1120 1.0243
0.5120 -0.8800 -0.1120 1.0243
0.5120 -0.8800 -0.1280 1.0261
0.5280 -0.8640 -0.1280 1.0206
0.5280 -0.8640 -0.1280 1.0206
0.5280 -0.8640 -0.1280 1.0206
0.5280 -0.8640 -0.1120 1.0187
0.5120 -0.8960 -0.1120 1.0380
0.5120 -0.8960 -0.1120 1.0380
0.5120 -0.8960 -0.1120 1.0380
0.5120 -0.8960 -0.1120 1.0380
0.5120 -0.8960 -0.0960 1.0364
0.5280 -0.8800 -0.0960 1.0307
0.5280 -0.8800 -0.0960 1.0307
0.5280 -0.8800 -0.0960 1.0307
0.5280 -0.8800 -0.0960 1.0307
0.5280 -0.8800 -0.1120 1.0323
0.5120 -0.8640 -0.1120 1.0105
0.5280 -0.8480 -0.1760 1.0143
0.5280 -0.8480 -0.1760 1.0143
0.5280 -0.8480 -0.1760 1.0143
0.5280 -0.8480 -0.1600 1.0117
0.5280 -0.8640 -0.1600 1.0251
0.5280 -0.8640 -0.1600 1.0251
0.5280 -0.8640 -0.1600 1.0251
0.5280 -0.8640 -0.1600 1.0251
0.5280 -0.8800 -0.0960 1.0307
0.5280 -0.8800 -0.0960 1.0307
0.5280 -0.8800 -0.0960 1.0307
0.5280 -0.8800 -0.0960 1.0307
0.5280 -0.8800 -0.1120 1.0323
0.5120 -0.8640 -0.1120 1.0105
0.5120 -0.8640 -0.1120 1.0105
0.5120 -0.8640 -0.1120 1.0105
0.5120 -0.8640 -0.1120 1.0105
0.5120 -0.8640 -0.1120 1.0105
0.5120 -0.8640 -0.1120 1.0105
0.5120 -0.8640 -0.1120 1.0105
0.5120 -0.8640 -0.1120 1.0105
0.5120 -0.8640 -0.1280 1.0124
0.5280 -0.8480 -0.1280 1.0071
0.5280 -0.8480 -0.1280 1.0071
0.5280 -0.8480 -0.1280 1.0071
0.5280 -0.8480 -0.1280 1.0071
0.5280 -0.8480 -0.1280 1.0071
0.5280 -0.8800 -0.1280 1.0342
0.5280 -0.8800 -0.1280 1.0342
0.5280 -0.8800 -0.1280 1.0342
0.5280 -0.8800 -0.1120 1.0323
0.5280 -0.8960 -0.0800 1.0431
0.4480 -0.8480 -0.1440 0.9698
0.4480 -0.8480 -0.1440 0.9698
0.4480 -0.8480 -0.1440 0.9698
0.4480 -0.8480 -0.1920 0.9781
0.5280 -0.8640 -0.1920 1.0306
0.5280 -0.8640 -0.1920 1.0306
0.5280 -0.8640 -0.1920 1.0306
0.5280 -0.8640 -0.1920 1.0306
0.5280 -0.8640 -0.1760 1.0277
0.5280 -0.8960 -0.1120 1.0460
0.5280 -0.8960 -0.1120 1.0460
0.5280 -0.8960 -0.1120 1.0460
0.5280 -0.8960 -0.1120 1.0460
0.5280 -0.8960 -0.1120 1.0460
0.5280 -0.8960 -0.1120 1.0460
0.5280 -0.8960 -0.1120 1.0460
0.5280 -0.8960 -0.1120 1.0460
0.5280 -0.8960 -0.0960 1.0444
0.5280 -0.8800 -0.0960 1.0307
0.5280 -0.8800 -0.0960 1.0307
0.5280 -0.8800 -0.0960 1.0307
0.5280 -0.8800 -0.0960 1.0307
0.5280 -0.8800 -0.1120 1.0323
0.5280 -0.8800 -0.1120 1.0323
0.5280 -0.8800 -0.1120 1.0323
0.5280 -0.8800 -0.1120 1.0323
0.5280 -0.8800 -0.1120 1.0323
0.5280 -0.8800 -0.1120 1.0323
0.5440 -0.8800 -0.1120 1.0406
0.5440 -0.8800 -0.1120 1.0406
0.5440 -0.8800 -0.1120 1.0406
0.5440 -0.8800 -0.1120 1.0406
0.5280 -0.8800 -0.1120 1.0323
0.5280 -0.8960 -0.1120 1.0460
0.5280 -0.8960 -0.1120 1.0460
0.5280 -0.8960 -0.1120 1.0460
0.5280 -0.8960 -0.0800 1.0431
0.5120 -0.8800 -0.0800 1.0212
0.5120 -0.8800 -0.0800 1.0212
0.5120 -0.8800 -0.0800 1.0212
0.5120 -0.8800 -0.0800 1.0212
0.5120 -0.8800 -0.0960 1.0226
0.5120 -0.8640 -0.0960 1.0089
0.5120 -0.8640 -0.0960 1.0089
0.5120 -0.8640 -0.0960 1.0089
0.5120 -0.8640 -0.0960 1.0089
0.5120 -0.8640 -0.0960 1.0089
0.5280 -0.8640 -0.0960 1.0171
0.5280 -0.8640 -0.0960 1.0171
0.5280 -0.8640 -0.0960 1.0171
0.5280 -0.8640 -0.0960 1.0171
0.5440 -0.8640 -0.0960 1.0255
0.5440 -0.8640 -0.0960 1.0255
0.5440 -0.8640 -0.0960 1.0255
0.5440 -0.8640 -0.0960 1.0255
0.5440 -0.8640 -0.1120 1.0271
0.5440 -0.8640 -0.1120 1.0271
0.5440 -0.8640 -0.1120 1.0271
0.5440 -0.8640 -0.1120 1.0271
0.5440 -0.8640 -0.0960 1.0255
0.5280 -0.8640 -0.0960 1.0171
0.5280 -0.8640 -0.0960 1.0171
0.5280 -0.8640 -0.0960 1.0171
0.5280 -0.8640 -0.0960 1.0171
0.5280 -0.8800 -0.0960 1.0307
0.5280 -0.8800 -0.1120 1.0323
0.5120 -0.8800 -0.1120 1.0243
0.5120 -0.8800 -0.1120 1.0243
0.5120 -0.8800 -0.1120 1.0243
0.5120 -0.8800 -0.1120 1.0243
0.5120 -0.8480 -0.1120 0.9969
0.5120 -0.8480 -0.1120 0.9969
0.5120 -0.8480 -0.1120 0.9969
0.5120 -0.8480 -0.1120 0.9969
0.5120 -0.8480 -0.1280 0.9988
0.5120 -0.8640 -0.1280 1.0124
0.5120 -0.8640 -0.1280 1.0124
0.5120 -0.8640 -0.1280 1.0124
0.5120 -0.8640 -0.1120 1.0105
0.5280 -0.8640 -0.1120 1.0187
0.5280 -0.8640 -0.1120 1.0187
0.5280 -0.8640 -0.1120 1.0187
0.5280 -0.8640 -0.1120 1.0187
0.5280 -0.8640 -0.0960 1.0171
0.5280 -0.8800 -0.0960 1.0307
0.5280 -0.8800 -0.0960 1.0307
0.5280 -0.8800 -0.0960 1.0307
0.5280 -0.8800 -0.0960 1.0307
0.5280 -0.8800 -0.0960 1.0307
0.5120 -0.8960 -0.0960 1.0364
0.5120 -0.8960 -0.0960 1.0364
0.5120 -0.8960 -0.0960 1.0364
0.5120 -0.8960 -0.0960 1.0364
0.5120 -0.8800 -0.0960 1.0226
0.5120 -0.8800 -0.0960 1.0226
0.5120 -0.8800 -0.1120 1.0243
0.5120 -0.8960 -0.1120 1.0380
0.5120 -0.8960 -0.0960 1.0364
0.5440 -0.8800 -0.0960 1.0390
0.5440 -0.8800 -0.0960 1.0390
0.5440 -0.8800 -0.0960 1.0390
0.5440 -0.8800 -0.0960 1.0390
0.5440 -0.8800 -0.0960 1.0390
0.5280 -0.8640 -0.0960 1.0171
0.5280 -0.8640 -0.0960 1.0171
0.5280 -0.8640 -0.0960 1.0171
0.5280 -0.8640 -0.0960 1.0171
0.5280 -0.8640 -0.0960 1.0171
0.5280 -0.8640 -0.0960 1.0171
0.5280 -0.8640 -0.0960 1.0171
0.5280 -0.8640 -0.0960 1.0171
0.5280 -0.8640 -0.0800 1.0157
0.5120 -0.8640 -0.0800 1.0075
0.5120 -0.8640 -0.0800 1.0075
0.5120 -0.8640 -0.0800 1.0075
0.5120 -0.8640 -0.0800 1.0075
0.5120 -0.8640 -0.1120 1.0105
0.5120 -0.8800 -0.1120 1.0243
0.5120 -0.8800 -0.1120 1.0243
0.5120 -0.8800 -0.1120 1.0243
0.5120 -0.8800 -0.1120 1.0243
0.5120 -0.8800 -0.1120 1.0243
0.5280 -0.8640 -0.1120 1.0187
0.5280 -0.8640 -0.1120 1.0187
0.5280 -0.8640 -0.1120 1.0187
0.5280 -0.8640 -0.1120 1.0187
0.5280 -0.8960 -0.1120 1.0460
0.5280 -0.8960 -0.1120 1.0460
0.5280 -0.8960 -0.1120 1.0460
0.5280 -0.8960 -0.1120 1.0460
0.5280 -0.8960 -0.1120 1.0460
0.5280 -0.8480 -0.1760 1.0143
0.5280 -0.8480 -0.1760 1.0143
0.5280 -0.8480 -0.1760 1.0143
0.5280 -0.8480 -0.1760 1.0143
0.5280 -0.8480 -0.1760 1.0143
0.5440 -0.8960 -0.1120 1.0542
0.5440 -0.8960 -0.1120 1.0542
0.5440 -0.8960 -0.1120 1.0542
0.5440 -0.8960 -0.1120 1.0542
0.5440 -0.8960 -0.1120 1.0542
0.5280 -0.8640 -0.1120 1.0187
0.5280 -0.8640 -0.1120 1.0187
0.5280 -0.8640 -0.1120 1.0187
0.5280 -0.8640 -0.1280 1.0206
0.5280 -0.8800 -0.1280 1.0342
0.5280 -0.8800 -0.1280 1.0342
0.5280 -0.8800 -0.1280 1.0342
0.5280 -0.8800 -0.1280 1.0342
0.5280 -0.8800 -0.1120 1.0323
0.5440 -0.8800 -0.1120 1.0406
0.5440 -0.8800 -0.1120 1.0406
0.5440 -0.8800 -0.1120 1.0406
0.5440 -0.8800 -0.0960 1.0390
0.5280 -0.8480 -0.1600 1.0117
0.5280 -0.8480 -0.1600 1.0117
0.5280 -0.8480 -0.1600 1.0117
0.5280 -0.8480 -0.1600 1.0117
0.5280 -0.8480 -0.1600 1.0117
0.5120 -0.8480 -0.1600 1.0034
0.5120 -0.8480 -0.1600 1.0034
0.5120 -0.8480 -0.1600 1.0034
0.5120 -0.8480 -0.1600 1.0034
0.5120 -0.8480 -0.1760 1.0061
0.5280 -0.8960 -0.1120 1.0460
0.5280 -0.8960 -0.1120 1.0460
0.5280 -0.8960 -0.1120 1.0460
0.5280 -0.8960 -0.1120 1.0460
0.5280 -0.8960 -0.0960 1.0444
0.5120 -0.8800 -0.0960 1.0226
0.5120 -0.8800 -0.0960 1.0226
0.5120 -0.8800 -0.0960 1.0226
0.5120 -0.8800 -0.0960 1.0226
0.5120 -0.8640 -0.0960 1.0089
0.5120 -0.8640 -0.0960 1.0089
0.5120 -0.8640 -0.0960 1.0089
0.5120 -0.8640 -0.0960 1.0089
0.5120 -0.8640 -0.0960 1.0089
0.5120 -0.8800 -0.0960 1.0226
0.5120 -0.8800 -0.0960 1.0226
0.5120 -0.8800 -0.0960 1.0226
0.5120 -0.8800 -0.0960 1.0226
0.5120 -0.8800 -0.1120 1.0243
0.5280 -0.8960 -0.1120 1.0460
0.5280 -0.8960 -0.1120 1.0460
0.5280 -0.8960 -0.1120 1.0460
0.5280 -0.8960 -0.1280 1.0478
0.5280 -0.8480 -0.1920 1.0172
0.5280 -0.8480 -0.1920 1.0172
0.5280 -0.8480 -0.1920 1.0172
0.5280 -0.8480 -0.1920 1.0172
0.5280 -0.8480 -0.1600 1.0117
0.5280 -0.8800 -0.1760 1.0412
0.5120 -0.8640 -0.1760 1.0196
0.5120 -0.8640 -0.1760 1.0196
0.5120 -0.8640 -0.1760 1.0196
0.5120 -0.8640 -0.1760 1.0196
0.5120 -0.8960 -0.1120 1.0380
0.5120 -0.8960 -0.1120 1.0380
0.5120 -0.8960 -0.1120 1.0380
0.5120 -0.8960 -0.1120 1.0380
0.5120 -0.8960 -0.1280 1.0399
0.5120 -0.8640 -0.1280 1.0124
0.5120 -0.8640 -0.1280 1.0124
0.5120 -0.8640 -0.1280 1.0124
0.5120 -0.8640 -0.1120 1.0105
0.5440 -0.8960 -0.1120 1.0542
0.5440 -0.8960 -0.1120 1.0542
0.5440 -0.8960 -0.1120 1.0542
0.5440 -0.8960 -0.1120 1.0542
0.5440 -0.8960 -0.1280 1.0560
0.5280 -0.8480 -0.1920 1.0172
0.5280 -0.8480 -0.1920 1.0172
0.5280 -0.8480 -0.1920 1.0172
0.5280 -0.8480 -0.1760 1.0143
0.5280 -0.8960 -0.1120 1.0460
0.5280 -0.8960 -0.1120 1.0460
0.5280 -0.8960 -0.1120 1.0460
0.5280 -0.8960 -0.1120 1.0460
0.5280 -0.8960 -0.0960 1.0444
0.5120 -0.8640 -0.1600 1.0170
0.5120 -0.8640 -0.1600 1.0170
0.5120 -0.8640 -0.1600 1.0170
0.5120 -0.8640 -0.1760 1.0196
0.5280 -0.8480 -0.1760 1.0143
0.5280 -0.8800 -0.1120 1.0323
0.5280 -0.8800 -0.1120 1.0323
0.5280 -0.8800 -0.1120 1.0323
0.5280 -0.8800 -0.1120 1.0323
0.5280 -0.8800 -0.0960 1.0307
0.5280 -0.8800 -0.0960 1.0307
0.5280 -0.8800 -0.0960 1.0307
0.5280 -0.8800 -0.0960 1.0307
0.5280 -0.8800 -0.0960 1.0307
0.5280 -0.8640 -0.0960 1.0171
0.5280 -0.8640 -0.0960 1.0171
0.5280 -0.8640 -0.0960 1.0171
0.5280 -0.8640 -0.0960 1.0171
0.5280 -0.8640 -0.0960 1.0171
0.5280 -0.8960 -0.0960 1.0444
0.5280 -0.8960 -0.0960 1.0444
0.5280 -0.8960 -0.0960 1.0444
0.5280 -0.8960 -0.0960 1.0444
0.5280 -0.8960 -0.1120 1.0460
0.5280 -0.8960 -0.1120 1.0460
0.5280 -0.8960 -0.1120 1.0460
0.5280 -0.8960 -0.1120 1.0460
0.5280 -0.8960 -0.1280 1.0478
0.5120 -0.8480 -0.1920 1.0090
0.5120 -0.8480 -0.1920 1.0090
0.5120 -0.8480 -0.1920 1.0090
0.5120 -0.8480 -0.1920 1.0090
0.5120 -0.8480 -0.1600 1.0034
0.5120 -0.8640 -0.1600 1.0170
0.5120 -0.8640 -0.1600 1.0170
0.5120 -0.8640 -0.1760 1.0196
0.5120 -0.8960 -0.1120 1.0380
0.5120 -0.8960 -0.0960 1.0364
0.5120 -0.8800 -0.0960 1.0226
0.5120 -0.8800 -0.0960 1.0226
0.5120 -0.8800 -0.0960 1.0226
0.5120 -0.8800 -0.0960 1.0226
0.5120 -0.8800 -0.1120 1.0243
0.5280 -0.8480 -0.1120 1.0052
0.5280 -0.8480 -0.1120 1.0052
0.5280 -0.8480 -0.1120 1.0052
0.5280 -0.8480 -0.1120 1.0052
0.5280 -0.8640 -0.1120 1.0187
0.5280 -0.8640 -0.1120 1.0187
0.5280 -0.8640 -0.1120 1.0187
0.5280 -0.8640 -0.1120 1.0187
0.5280 -0.8640 -0.1120 1.0187
0.5280 -0.8800 -0.1120 1.0323
0.5280 -0.8800 -0.1120 1.0323
0.5280 -0.8800 -0.1120 1.0323
0.5280 -0.8800 -0.0960 1.0307
0.5280 -0.8960 -0.0960 1.0444
0.5280 -0.8960 -0.0960 1.0444
0.5280 -0.8960 -0.0960 1.0444
0.5280 -0.8960 -0.0960 1.0444
0.5280 -0.8960 -0.1120 1.0460
0.5280 -0.8640 -0.1760 1.0277
0.5280 -0.8640 -0.1760 1.0277
0.5280 -0.8640 -0.1760 1.0277
0.5280 -0.8640 -0.1760 1.0277
0.5280 -0.8640 -0.1760 1.0277
0.5120 -0.8960 -0.1120 1.0380
0.5120 -0.8960 -0.1120 1.0380
0.5120 -0.8960 -0.1120 1.0380
0.5120 -0.8960 -0.1120 1.0380
0.5120 -0.8960 -0.1120 1.0380
0.5120 -0.8800 -0.1120 1.0243
0.5120 -0.8800 -0.1120 1.0243
0.5120 -0.8800 -0.1120 1.0243
0.5120 -0.8800 -0.1280 1.0261
0.5120 -0.8640 -0.1280 1.0124
0.5120 -0.8640 -0.1280 1.0124
0.5120 -0.8640 -0.1280 1.0124
0.5120 -0.8640 -0.1280 1.0124
0.5120 -0.8640 -0.0800 1.0075
0.4480 -0.8480 -0.0800 0.9624
0.4480 -0.8480 -0.0800 0.9624
0.4480 -0.8480 -0.0800 0.9624
0.4480 -0.8480 -0.1280 0.9676
0.5280 -0.8480 -0.1920 1.0172
0.5280 -0.8480 -0.1920 1.0172
0.5280 -0.8480 -0.1920 1.0172
0.5280 -0.8480 -0.1920 1.0172
0.5280 -0.8480 -0.1920 1.0172
0.5280 -0.8960 -0.1280 1.0478
0.5280 -0.8960 -0.1280 1.0478
0.5280 -0.8960 -0.1280 1.0478
0.5280 -0.8960 -0.1280 1.0478
0.5280 -0.8960 -0.0960 1.0444
0.5280 -0.8960 -0.0960 1.0444
0.5280 -0.8960 -0.0960 1.0444
0.5280 -0.8960 -0.0960 1.0444
0.5280 -0.8960 -0.1120 1.0460
0.5120 -0.8960 -0.1120 1.0380
0.5120 -0.8960 -0.0960 1.0364
0.5280 -0.8960 -0.1120 1.0460
0.5280 -0.8800 -0.1120 1.0323
0.5280 -0.8800 -0.1120 1.0323
0.5280 -0.8800 -0.1120 1.0323
0.5280 -0.8800 -0.1280 1.0342
0.5280 -0.8960 -0.1280 1.0478
0.5280 -0.8960 -0.1280 1.0478
0.5280 -0.8960 -0.1280 1.0478
0.5280 -0.8960 -0.1280 1.0478
0.5280 -0.8960 -0.1120 1.0460
0.5440 -0.8480 -0.1760 1.0227
0.5440 -0.8480 -0.1760 1.0227
0.5440 -0.8480 -0.1760 1.0227
0.5440 -0.8480 -0.1600 1.0201
0.5120 -0.8480 -0.1600 1.0034
0.5120 -0.8480 -0.1600 1.0034
0.5120 -0.8480 -0.1600 1.0034
0.5120 -0.8480 -0.1600 1.0034
0.5120 -0.8480 -0.1760 1.0061
0.5120 -0.8800 -0.1120 1.0243
0.5120 -0.8800 -0.1120 1.0243
0.5120 -0.8800 -0.1120 1.0243
0.5120 -0.8800 -0.1120 1.0243
0.5120 -0.8800 -0.0960 1.0226
0.5120 -0.8640 -0.0960 1.0089
0.5120 -0.8640 -0.0960 1.0089
0.5120 -0.8640 -0.0960 1.0089
0.5120 -0.8640 -0.1120 1.0105
0.5280 -0.8800 -0.1120 1.0323
0.5280 -0.8800 -0.1120 1.0323
0.5280 -0.8800 -0.1120 1.0323
0.5280 -0.8800 -0.1120 1.0323
0.5280 -0.8960 -0.1120 1.0460
0.5120 -0.8800 -0.1120 1.0243
0.5120 -0.8800 -0.1120 1.0243
0.5120 -0.8800 -0.1120 1.0243
0.5120 -0.8800 -0.1120 1.0243
0.5120 -0.8800 -0.1120 1.0243
0.5120 -0.8480 -0.1120 0.9969
0.5120 -0.8480 -0.1120 0.9969
0.5120 -0.8480 -0.1120 0.9969
0.5120 -0.8480 -0.1120 0.9969
0.5120 -0.8480 -0.1120 0.9969
0.5120 -0.8640 -0.1120 1.0105
0.5120 -0.8640 -0.1120 1.0105
0.5120 -0.8640 -0.1120 1.0105
0.5120 -0.8640 -0.1120 1.0105
0.5120 -0.8480 -0.1120 0.9969
0.5120 -0.8480 -0.1120 0.9969
0.5120 -0.8480 -0.1120 0.9969
0.5120 -0.8480 -0.1120 0.9969
0.5120 -0.8480 -0.1280 0.9988
0.5120 -0.8960 -0.1280 1.0399
0.5120 -0.8960 -0.1280 1.0399
0.5120 -0.8960 -0.1280 1.0399
0.5120 -0.8960 -0.1120 1.0380
0.5280 -0.8480 -0.1760 1.0143
0.5280 -0.8480 -0.1760 1.0143
0.5280 -0.8480 -0.1760 1.0143
0.5280 -0.8480 -0.1760 1.0143
0.5280 -0.8480 -0.1760 1.0143
0.5280 -0.8960 -0.1120 1.0460
0.5280 -0.8960 -0.1120 1.0460
0.5280 -0.8960 -0.1280 1.0478
0.5280 -0.8800 -0.1280 1.0342
0.5280 -0.8800 -0.1120 1.0323
0.5280 -0.8640 -0.1120 1.0187
0.5280 -0.8640 -0.1120 1.0187
0.5280 -0.8640 -0.1120 1.0187
0.5280 -0.8640 -0.1120 1.0187
0.5280 -0.8640 -0.1280 1.0206
0.5280 -0.8480 -0.1920 1.0172
0.5280 -0.8480 -0.1920 1.0172
0.5280 -0.8480 -0.1920 1.0172
0.5280 -0.8480 -0.1760 1.0143
0.5440 -0.8960 -0.1120 1.0542
0.5440 -0.8960 -0.1120 1.0542
0.5440 -0.8960 -0.1120 1.0542
0.5440 -0.8960 -0.1120 1.0542
0.5440 -0.8960 -0.0960 1.0526
0.5120 -0.8480 -0.1600 1.0034
0.5120 -0.8480 -0.1600 1.0034
0.5120 -0.8480 -0.1600 1.0034
0.5120 -0.8480 -0.1600 1.0034
0.5120 -0.8480 -0.1440 1.0010
0.5120 -0.8800 -0.0800 1.0212
0.5120 -0.8800 -0.0800 1.0212
0.5120 -0.8800 -0.0800 1.0212
0.5120 -0.8800 -0.1120 1.0243
0.5120 -0.8480 -0.1120 0.9969
0.5120 -0.8480 -0.1120 0.9969
0.5120 -0.8480 -0.1120 0.9969
0.5120 -0.8480 -0.1120 0.9969
0.5120 -0.8480 -0.1280 0.9988
0.5280 -0.8480 -0.1280 1.0071
0.5280 -0.8480 -0.1280 1.0071
0.5280 -0.8640 -0.1280 1.0206
0.5280 -0.8640 -0.1280 1.0206
0.5280 -0.8640 -0.1120 1.0187
0.5280 -0.8480 -0.1120 1.0052
0.5280 -0.8480 -0.1120 1.0052
0.5280 -0.8480 -0.1120 1.0052
0.5280 -0.8480 -0.1120 1.0052
0.5280 -0.8480 -0.1280 1.0071
0.5440 -0.8960 -0.0640 1.0502
0.5440 -0.8960 -0.0640 1.0502
0.5440 -0.8960 -0.0640 1.0502
0.5440 -0.8960 -0.0640 1.0502
0.5280 -0.8800 -0.1280 1.0342
0.5280 -0.8800 -0.1280 1.0342
0.5280 -0.8800 -0.1280 1.0342
0.5280 -0.8800 -0.1280 1.0342
0.5280 -0.8800 -0.1280 1.0342
0.5280 -0.8640 -0.1920 1.0306
0.5280 -0.8640 -0.1920 1.0306
0.5280 -0.8640 -0.1920 1.0306
0.5280 -0.8640 -0.1760 1.0277
0.5280 -0.8480 -0.1760 1.0143
0.5280 -0.8480 -0.1760 1.0143
0.5280 -0.8480 -0.1760 1.0143
0.5280 -0.8480 -0.1760 1.0143
0.5280 -0.8480 -0.1760 1.0143
0.5280 -0.8480 -0.1760 1.0143
0.5280 -0.8480 -0.1760 1.0143
0.5280 -0.8480 -0.1760 1.0143
0.5280 -0.8480 -0.1760 1.0143
0.5280 -0.8480 -0.1600 1.0117
0.5280 -0.8960 -0.0960 1.0444
0.5120 -0.8480 -0.1600 1.0034
0.5120 -0.8480 -0.1600 1.0034
0.5120 -0.8480 -0.1600 1.0034
0.5120 -0.8480 -0.1760 1.0061
0.5440 -0.8960 -0.1120 1.0542
0.5440 -0.8960 -0.1120 1.0542
0.5440 -0.8960 -0.1120 1.0542
0.5440 -0.8960 -0.1120 1.0542
0.5280 -0.8960 -0.1120 1.0460
0.5280 -0.8960 -0.1120 1.0460
0.5280 -0.8960 -0.1120 1.0460
0.5280 -0.8960 -0.1120 1.0460
0.5280 -0.8960 -0.1120 1.0460
0.5120 -0.8480 -0.1760 1.0061
0.5120 -0.8480 -0.1760 1.0061
0.5120 -0.8480 -0.1760 1.0061
0.5120 -0.8480 -0.1760 1.0061
0.5120 -0.8480 -0.1600 1.0034
0.5120 -0.8800 -0.0960 1.0226
0.5120 -0.8800 -0.0960 1.0226
0.5120 -0.8800 -0.0960 1.0226
0.5120 -0.8800 -0.1120 1.0243
0.5120 -0.8640 -0.1120 1.0105
0.5120 -0.8640 -0.1120 1.0105
0.5120 -0.8640 -0.1120 1.0105
0.5120 -0.8640 -0.1120 1.0105
0.5120 -0.8640 -0.1280 1.0124
0.5280 -0.8640 -0.1280 1.0206
0.5280 -0.8640 -0.1280 1.0206
0.5280 -0.8640 -0.1280 1.0206
0.5280 -0.8640 -0.1280 1.0206
0.5280 -0.8960 -0.0800 1.0431
0.5440 -0.8640 -0.0800 1.0241
0.5440 -0.8640 -0.0800 1.0241
0.5440 -0.8640 -0.0800 1.0241
0.5440 -0.8640 -0.0800 1.0241
0.5440 -0.8640 -0.0960 1.0255
0.5280 -0.8480 -0.1600 1.0117
0.5280 -0.8480 -0.1600 1.0117
0.5280 -0.8480 -0.1600 1.0117
0.5280 -0.8480 -0.1600 1.0117
0.5280 -0.8960 -0.0960 1.0444
0.5280 -0.8960 -0.0960 1.0444
0.5280 -0.8960 -0.0960 1.0444
0.5280 -0.8960 -0.0960 1.0444
0.5280 -0.8960 -0.0960 1.0444
0.5120 -0.8640 -0.0960 1.0089
0.5120 -0.8640 -0.0960 1.0089
0.5120 -0.8640 -0.0960 1.0089
0.5120 -0.8640 -0.0960 1.0089
0.5120 -0.8640 -0.1120 1.0105
0.5280 -0.8640 -0.1120 1.0187
0.5280 -0.8640 -0.1120 1.0187
0.5280 -0.8640 -0.1120 1.0187
0.5280 -0.8640 -0.1280 1.0206
0.5120 -0.8640 -0.1280 1.0124
0.5120 -0.8640 -0.1280 1.0124
0.5120 -0.8640 -0.1280 1.0124
0.5120 -0.8640 -0.1280 1.0124
0.5120 -0.8640 -0.1280 1.0124
0.5120 -0.8960 -0.1280 1.0399
0.5120 -0.8960 -0.1280 1.0399
0.5120 -0.8960 -0.1280 1.0399
0.5120 -0.8960 -0.1120 1.0380
0.5120 -0.8640 -0.1120 1.0105
0.5120 -0.8800 -0.1120 1.0243
0.5120 -0.8800 -0.1120 1.0243
0.5120 -0.8800 -0.1120 1.0243
0.5120 -0.8800 -0.1120 1.0243
0.5120 -0.8800 -0.1120 1.0243
0.5120 -0.8480 -0.1120 0.9969
0.5120 -0.8480 -0.1120 0.9969
0.5120 -0.8480 -0.1120 0.9969
0.5120 -0.8480 -0.1120 0.9969
0.5120 -0.8640 -0.1120 1.0105
0.5120 -0.8640 -0.1120 1.0105
0.5120 -0.8640 -0.1120 1.0105
0.5120 -0.8640 -0.1120 1.0105
0.5120 -0.8640 -0.1120 1.0105
0.5280 -0.8800 -0.1120 1.0323
0.5280 -0.8800 -0.1120 1.0323
0.5280 -0.8800 -0.1120 1.0323
0.5280 -0.8800 -0.1280 1.0342
0.5280 -0.8960 -0.1280 1.0478
0.5280 -0.8960 -0.1280 1.0478
0.5280 -0.8960 -0.1280 1.0478
0.5280 -0.8960 -0.1280 1.0478
0.5280 -0.8960 -0.1120 1.0460
0.5280 -0.8800 -0.1120 1.0323
0.5280 -0.8800 -0.1120 1.0323
0.5280 -0.8800 -0.1120 1.0323
0.5280 -0.8800 -0.1120 1.0323
0.5280 -0.8800 -0.1120 1.0323
0.5280 -0.8800 -0.1120 1.0323
0.5280 -0.8800 -0.1120 1.0323
0.5280 -0.8800 -0.1120 1.0323
0.5280 -0.8800 -0.1120 1.0323
0.5280 -0.8800 -0.1120 1.0323
0.5120 -0.8640 -0.1120 1.0105
0.5120 -0.8640 -0.1120 1.0105
0.5120 -0.8640 -0.1120 1.0105
0.5120 -0.8640 -0.1120 1.0105
0.5120 -0.8480 -0.1120 0.9969
0.5120 -0.8480 -0.1120 0.9969
0.5120 -0.8480 -0.1120 0.9969
0.5120 -0.8480 -0.1120 0.9969
0.5120 -0.8480 -0.1120 0.9969
0.5280 -0.8480 -0.1120 1.0052
0.5280 -0.8480 -0.1120 1.0052
0.5280 -0.8480 -0.1120 1.0052
0.5280 -0.8480 -0.1120 1.0052
0.5280 -0.8480 -0.1760 1.0143
0.5280 -0.8480 -0.1760 1.0143
0.5280 -0.8480 -0.1760 1.0143
0.5280 -0.8480 -0.1760 1.0143
0.5280 -0.8480 -0.1600 1.0117
0.5440 -0.8800 -0.0960 1.0390
0.5440 -0.8800 -0.0960 1.0390
0.5440 -0.8800 -0.0960 1.0390
0.5440 -0.8800 -0.0960 1.0390
0.5440 -0.8800 -0.0960 1.0390
0.5280 -0.8960 -0.0960 1.0444
0.5280 -0.8960 -0.0960 1.0444
0.5280 -0.8960 -0.0960 1.0444
0.5280 -0.8960 -0.0800 1.0431
0.5280 -0.8800 -0.0800 1.0294
0.5280 -0.8800 -0.0800 1.0294
0.5280 -0.8800 -0.0960 1.0307
0.5120 -0.8800 -0.0960 1.0226
0.5120 -0.8800 -0.0960 1.0226
0.5120 -0.8800 -0.1120 1.0243
0.5120 -0.8480 -0.1760 1.0061
0.5120 -0.8480 -0.1760 1.0061
0.5120 -0.8480 -0.1760 1.0061
0.5120 -0.8480 -0.1760 1.0061
0.5120 -0.8960 -0.1120 1.0380
0.5120 -0.8960 -0.1120 1.0380
0.5120 -0.8960 -0.1120 1.0380
0.5120 -0.8960 -0.1120 1.0380
0.5120 -0.8960 -0.1120 1.0380
0.5280 -0.8480 -0.1760 1.0143
0.5280 -0.8480 -0.1760 1.0143
0.5280 -0.8480 -0.1760 1.0143
0.5280 -0.8480 -0.1600 1.0117
0.5120 -0.8800 -0.0960 1.0226
0.5120 -0.8800 -0.0960 1.0226
0.5120 -0.8800 -0.0960 1.0226
0.5120 -0.8800 -0.0960 1.0226
0.5120 -0.8800 -0.0960 1.0226
0.5120 -0.8800 -0.0960 1.0226
0.5120 -0.8800 -0.0960 1.0226
0.5120 -0.8800 -0.0960 1.0226
0.5120 -0.8800 -0.0960 1.0226
0.5120 -0.8800 -0.1120 1.0243
0.5120 -0.8640 -0.1120 1.0105
0.5120 -0.8640 -0.1120 1.0105
0.5120 -0.8640 -0.1120 1.0105
0.5120 -0.8640 -0.1120 1.0105
0.5280 -0.8480 -0.1120 1.0052
0.5280 -0.8480 -0.0960 1.0035
0.5280 -0.8800 -0.0960 1.0307
0.5280 -0.8800 -0.0960 1.0307
0.5280 -0.8800 -0.0960 1.0307
0.5120 -0.8960 -0.0960 1.0364
0.5120 -0.8960 -0.0960 1.0364
0.5120 -0.8960 -0.0960 1.0364
0.5120 -0.8960 -0.0960 1.0364
0.5120 -0.8960 -0.1120 1.0380
0.5120 -0.8960 -0.1120 1.0380
0.5120 -0.8960 -0.1120 1.0380
0.5120 -0.8960 -0.1120 1.0380
0.5120 -0.8960 -0.1120 1.0380
0.5120 -0.8960 -0.1120 1.0380
0.5120 -0.8800 -0.1120 1.0243
0.5120 -0.8800 -0.1120 1.0243
0.5120 -0.8800 -0.1120 1.0243
0.5120 -0.8800 -0.1280 1.0261
0.5280 -0.8800 -0.1280 1.0342
0.5280 -0.8800 -0.1280 1.0342
0.5280 -0.8800 -0.1280 1.0342
0.5280 -0.8800 -0.1280 1.0342
0.5280 -0.8800 -0.1280 1.0342
0.5280 -0.8640 -0.1280 1.0206
0.5280 -0.8640 -0.1280 1.0206
0.5280 -0.8640 -0.1280 1.0206
0.5280 -0.8640 -0.0800 1.0157
0.4640 -0.8800 -0.0800 0.9980
0.4640 -0.8800 -0.0800 0.9980
0.4640 -0.8800 -0.0800 0.9980
0.4640 -0.8800 -0.0800 0.9980
0.4640 -0.8800 -0.1120 1.0011
0.5280 -0.8480 -0.1600 1.0117
0.5280 -0.8800 -0.0960 1.0307
0.5280 -0.8800 -0.0960 1.0307
0.5280 -0.8800 -0.0960 1.0307
0.5280 -0.8800 -0.1280 1.0342
0.5120 -0.8800 -0.1280 1.0261
0.5120 -0.8800 -0.1280 1.0261
0.5120 -0.8800 -0.1280 1.0261
0.5120 -0.8800 -0.1280 1.0261
0.5120 -0.8800 -0.1120 1.0243
0.5120 -0.8640 -0.1120 1.0105
0.5120 -0.8640 -0.1120 1.0105
0.5120 -0.8640 -0.1120 1.0105
0.5120 -0.8640 -0.1280 1.0124
0.5280 -0.8800 -0.1280 1.0342
0.5280 -0.8800 -0.1280 1.0342
0.5280 -0.8800 -0.1280 1.0342
0.5280 -0.8800 -0.1280 1.0342
0.5280 -0.8800 -0.1280 1.0342
0.5280 -0.8480 -0.1920 1.0172
0.5280 -0.8480 -0.1920 1.0172
0.5280 -0.8480 -0.1920 1.0172
0.5280 -0.8480 -0.1920 1.0172
0.5280 -0.8480 -0.1760 1.0143
0.5280 -0.8480 -0.1760 1.0143
0.5280 -0.8480 -0.1760 1.0143
0.5280 -0.8480 -0.1760 1.0143
0.5280 -0.8480 -0.1760 1.0143
0.5280 -0.8480 -0.1760 1.0143
0.5280 -0.8480 -0.1760 1.0143
0.5280 -0.8480 -0.1760 1.0143
0.5280 -0.8480 -0.1760 1.0143
0.5280 -0.8480 -0.1600 1.0117
0.5280 -0.8960 -0.0960 1.0444
0.5120 -0.8640 -0.0960 1.0089
0.5120 -0.8640 -0.0960 1.0089
0.5120 -0.8640 -0.0960 1.0089
0.5120 -0.8640 -0.1120 1.0105
0.5120 -0.8640 -0.1120 1.0105
0.5120 -0.8640 -0.1120 1.0105
0.5120 -0.8640 -0.1120 1.0105
0.5120 -0.8640 -0.1120 1.0105
0.5120 -0.8640 -0.1120 1.0105
0.5120 -0.8800 -0.1120 1.0243
0.5120 -0.8800 -0.1120 1.0243
0.5120 -0.8800 -0.1120 1.0243
0.5120 -0.8800 -0.0800 1.0212
0.5120 -0.8640 -0.0800 1.0075
0.5120 -0.8640 -0.0800 1.0075
0.5120 -0.8640 -0.0800 1.0075
0.5120 -0.8640 -0.0800 1.0075
0.5120 -0.8640 -0.1120 1.0105
0.5120 -0.8800 -0.1120 1.0243
0.5120 -0.8800 -0.1120 1.0243
0.5120 -0.8800 -0.1120 1.0243
0.5120 -0.8800 -0.1120 1.0243
0.5120 -0.8800 -0.1280 1.0261
0.5280 -0.8960 -0.1280 1.0478
0.5280 -0.8960 -0.1280 1.0478
0.5280 -0.8960 -0.1280 1.0478
0.5280 -0.8960 -0.1280 1.0478
0.5280 -0.8960 -0.1280 1.0478
0.5280 -0.8960 -0.1280 1.0478
0.5280 -0.8960 -0.1280 1.0478
0.5280 -0.8960 -0.1120 1.0460
0.5280 -0.8480 -0.1760 1.0143
0.5280 -0.8800 -0.1120 1.0323
0.5280 -0.8800 -0.1120 1.0323
0.5280 -0.8800 -0.1120 1.0323
0.5280 -0.8800 -0.1120 1.0323
0.5280 -0.8800 -0.1120 1.0323
0.5440 -0.8480 -0.1760 1.0227
0.5440 -0.8480 -0.1760 1.0227
0.5440 -0.8480 -0.1760 1.0227
0.5440 -0.8480 -0.1760 1.0227
0.5280 -0.8960 -0.1120 1.0460
0.5280 -0.8960 -0.1120 1.0460
0.5280 -0.8960 -0.1120 1.0460
0.5280 -0.8960 -0.1120 1.0460
0.5280 -0.8960 -0.0960 1.0444
0.5280 -0.8960 -0.0960 1.0444
0.5280 -0.8960 -0.0960 1.0444
0.5280 -0.8960 -0.0960 1.0444
0.5280 -0.8960 -0.0960 1.0444
0.5280 -0.8960 -0.1120 1.0460
0.5120 -0.8800 -0.1120 1.0243
0.5120 -0.8800 -0.1120 1.0243
0.5120 -0.8800 -0.1120 1.0243
0.5120 -0.8800 -0.1280 1.0261
0.5120 -0.8800 -0.1280 1.0261
0.5120 -0.8800 -0.1280 1.0261
0.5120 -0.8800 -0.1280 1.0261
0.5120 -0.8800 -0.1280 1.0261
0.5120 -0.8800 -0.1280 1.0261
0.5280 -0.8640 -0.1280 1.0206
0.5280 -0.8640 -0.1280 1.0206
0.5280 -0.8640 -0.1280 1.0206
0.5120 -0.8800 -0.1280 1.0261
0.5120 -0.8800 -0.1120 1.0243
0.5280 -0.8800 -0.1120 1.0323
0.5280 -0.8800 -0.1120 1.0323
0.5280 -0.8800 -0.1120 1.0323
0.5280 -0.8800 -0.1120 1.0323
0.5280 -0.8800 -0.0960 1.0307
0.5600 -0.9600 -0.0960 1.1155
0.5600 -0.9600 -0.0960 1.1155
0.5600 -0.9600 -0.0960 1.1155
0.5600 -0.9600 -0.0960 1.1155
0.5600 -0.9120 -0.0960 1.0745
0.5600 -0.9120 -0.0960 1.0745
0.5600 -0.9120 -0.0960 1.0745
0.5600 -0.9120 -0.0960 1.0745
0.5600 -0.9120 -0.1120 1.0761
0.5280 -0.8960 -0.0480 1.0411
0.5280 -0.8960 -0.0480 1.0411
0.5280 -0.8960 -0.0480 1.0411
0.5280 -0.8960 -0.0480 1.0411
0.5280 -0.8960 -0.0640 1.0420
0.5280 -0.8480 -0.1280 1.0071
0.5280 -0.8480 -0.1280 1.0071
0.5280 -0.8480 -0.1280 1.0071
0.5280 -0.8480 -0.1280 1.0071
0.5280 -0.8800 -0.1280 1.0342
0.5280 -0.8800 -0.1280 1.0342
0.5280 -0.8800 -0.1280 1.0342
0.5280 -0.8800 -0.1280 1.0342
0.5280 -0.8800 -0.1280 1.0342
0.5120 -0.8960 -0.1280 1.0399
0.5120 -0.8960 -0.1280 1.0399
0.5120 -0.8800 -0.1280 1.0261
0.5120 -0.8800 -0.1280 1.0261
0.5120 -0.8800 -0.1280 1.0261
0.5280 -0.8800 -0.1280 1.0342
0.5280 -0.8800 -0.1280 1.0342
0.5280 -0.8800 -0.1280 1.0342
0.5280 -0.8800 -0.1280 1.0342
0.5280 -0.8800 -0.0800 1.0294
0.4480 -0.8640 -0.0800 0.9765
0.4480 -0.8640 -0.0800 0.9765
0.4480 -0.8640 -0.0800 0.9765
0.4480 -0.8640 -0.1280 0.9816
0.5280 -0.8960 -0.1280 1.0478
0.5280 -0.8960 -0.1280 1.0478
0.5280 -0.8960 -0.1280 1.0478
0.5280 -0.8960 -0.1280 1.0478
0.5280 -0.8960 -0.1120 1.0460
0.5280 -0.8640 -0.1760 1.0277
0.5280 -0.8640 -0.1760 1.0277
0.5280 -0.8640 -0.1760 1.0277
0.5280 -0.8640 -0.1760 1.0277
0.5280 -0.8640 -0.1760 1.0277
0.5280 -0.8640 -0.1760 1.0277
0.5280 -0.8640 -0.1760 1.0277
0.5280 -0.8640 -0.1760 1.0277
0.5280 -0.8640 -0.1760 1.0277
0.5120 -0.8800 -0.1760 1.0332
0.5120 -0.8800 -0.1760 1.0332
0.5120 -0.8800 -0.1760 1.0332
0.5120 -0.8800 -0.1760 1.0332
0.5120 -0.8800 -0.1600 1.0306
0.5120 -0.8480 -0.1600 1.0034
0.5280 -0.8480 -0.0960 1.0035
0.5280 -0.8480 -0.0960 1.0035
0.5280 -0.8480 -0.0960 1.0035
0.5280 -0.8480 -0.0960 1.0035
0.5440 -0.8480 -0.1600 1.0201
0.5440 -0.8480 -0.1600 1.0201
0.5440 -0.8480 -0.1600 1.0201
0.5440 -0.8480 -0.1760 1.0227
0.5120 -0.8480 -0.1760 1.0061
0.5120 -0.8480 -0.1760 1.0061
0.5120 -0.8480 -0.1760 1.0061
0.5120 -0.8480 -0.1760 1.0061
0.5120 -0.8480 -0.1760 1.0061
0.5120 -0.8480 -0.1760 1.0061
0.5120 -0.8480 -0.1760 1.0061
0.5120 -0.8480 -0.1760 1.0061
0.5120 -0.8480 -0.1760 1.0061
0.5120 -0.8480 -0.1600 1.0034
0.5120 -0.8960 -0.0960 1.0364
0.5120 -0.8960 -0.0960 1.0364
0.5120 -0.8960 -0.0960 1.0364
0.5120 -0.8960 -0.1120 1.0380
0.5280 -0.8800 -0.1120 1.0323
0.5280 -0.8800 -0.1120 1.0323
0.5280 -0.8800 -0.1120 1.0323
0.5280 -0.8800 -0.1120 1.0323
0.5280 -0.8800 -0.1120 1.0323
0.5280 -0.8640 -0.1120 1.0187
0.5280 -0.8640 -0.1120 1.0187
0.5280 -0.8640 -0.1120 1.0187
0.5280 -0.8640 -0.1120 1.0187
0.5280 -0.8800 -0.1280 1.0342
0.5120 -0.8800 -0.1920 1.0361
0.5120 -0.8800 -0.1920 1.0361
0.5120 -0.8800 -0.1920 1.0361
0.5120 -0.8800 -0.1920 1.0361
0.5280 -0.8640 -0.1920 1.0306
0.5280 -0.8640 -0.1920 1.0306
0.5280 -0.8640 -0.1920 1.0306
0.5280 -0.8640 -0.1920 1.0306
0.5280 -0.8640 -0.1760 1.0277
0.5120 -0.8960 -0.1120 1.0380
0.5120 -0.8960 -0.1120 1.0380
0.5120 -0.8960 -0.1120 1.0380
0.5120 -0.8960 -0.1120 1.0380
0.5120 -0.8960 -0.1120 1.0380
0.5280 -0.8800 -0.1120 1.0323
0.5280 -0.8800 -0.1120 1.0323
0.5280 -0.8800 -0.1120 1.0323
0.5280 -0.8800 -0.1120 1.0323
0.5280 -0.8800 -0.1120 1.0323
0.5280 -0.8800 -0.1120 1.0323
0.5280 -0.8800 -0.1120 1.0323
0.5280 -0.8800 -0.1120 1.0323
0.5280 -0.8800 -0.1280 1.0342
0.5120 -0.8800 -0.1280 1.0261
0.5120 -0.8800 -0.1280 1.0261
0.5120 -0.8800 -0.1280 1.0261
0.5120 -0.8800 -0.1280 1.0261
0.5120 -0.8800 -0.1280 1.0261
0.5280 -0.8960 -0.1280 1.0478
0.5280 -0.8960 -0.1280 1.0478
0.5280 -0.8960 -0.1280 1.0478
0.5280 -0.8960 -0.1120 1.0460
0.5120 -0.8480 -0.1920 1.0090
0.5440 -0.8480 -0.1920 1.0256
0.5440 -0.8480 -0.1920 1.0256
0.5440 -0.8480 -0.1920 1.0256
0.5440 -0.8480 -0.1600 1.0201
0.5120 -0.8960 -0.0960 1.0364
0.5120 -0.8960 -0.0960 1.0364
0.5120 -0.8960 -0.0960 1.0364
0.5120 -0.8960 -0.0960 1.0364
0.5120 -0.8960 -0.1120 1.0380
0.5120 -0.8640 -0.1120 1.0105
0.5120 -0.8640 -0.1120 1.0105
0.5120 -0.8640 -0.1120 1.0105
0.5120 -0.8640 -0.1120 1.0105
0.5120 -0.8640 -0.1120 1.0105
0.5120 -0.8640 -0.1120 1.0105
0.5120 -0.8640 -0.1120 1.0105
0.5120 -0.8640 -0.1120 1.0105
0.5120 -0.8640 -0.1120 1.0105
0.5280 -0.8480 -0.1120 1.0052
0.5280 -0.8480 -0.1120 1.0052
0.5280 -0.8480 -0.1120 1.0052
0.5280 -0.8480 -0.1120 1.0052
0.5280 -0.8480 -0.1120 1.0052
0.5280 -0.8960 -0.1120 1.0460
0.5280 -0.8960 -0.1120 1.0460
0.5280 -0.8960 -0.1120 1.0460
0.5280 -0.8960 -0.0960 1.0444
0.5280 -0.8960 -0.0960 1.0444
0.5280 -0.8960 -0.0960 1.0444
0.5280 -0.8960 -0.0960 1.0444
0.5280 -0.8960 -0.0960 1.0444
0.5280 -0.8800 -0.0960 1.0307
0.5280 -0.8800 -0.0960 1.0307
0.5280 -0.8800 -0.0960 1.0307
0.5280 -0.8800 -0.0960 1.0307
0.5280 -0.8800 -0.0960 1.0307
0.5280 -0.8800 -0.0960 1.0307
0.5120 -0.8800 -0.0960 1.0226
0.5120 -0.8800 -0.0960 1.0226
0.5120 -0.8800 -0.0960 1.0226
0.5120 -0.8800 -0.0960 1.0226
0.5120 -0.8800 -0.0960 1.0226
0.5120 -0.8640 -0.0960 1.0089
0.5120 -0.8640 -0.0960 1.0089
0.5120 -0.8640 -0.0960 1.0089
0.5120 -0.8640 -0.0960 1.0089
0.5120 -0.8640 -0.1280 1.0124
0.5280 -0.8480 -0.1280 1.0071
0.5280 -0.8480 -0.1280 1.0071
0.5280 -0.8480 -0.1280 1.0071
0.5280 -0.8480 -0.1280 1.0071
0.5280 -0.8640 -0.1280 1.0206
0.5280 -0.8640 -0.1280 1.0206
0.5280 -0.8640 -0.1280 1.0206
0.5280 -0.8640 -0.1280 1.0206
0.5280 -0.8640 -0.1120 1.0187
0.5280 -0.8960 -0.1120 1.0460
0.5280 -0.8960 -0.1120 1.0460
0.5280 -0.8960 -0.1120 1.0460
0.5280 -0.8960 -0.0960 1.0444
0.5280 -0.8960 -0.0960 1.0444
0.5280 -0.8960 -0.0960 1.0444
0.5280 -0.8960 -0.1120 1.0460
0.5280 -0.8960 -0.1120 1.0460
0.5280 -0.8960 -0.0960 1.0444
0.5280 -0.8960 -0.0960 1.0444
0.5280 -0.8960 -0.0960 1.0444
0.5280 -0.8960 -0.0960 1.0444
0.5280 -0.8960 -0.0960 1.0444
0.5280 -0.8960 -0.0960 1.0444
0.5440 -0.8960 -0.0960 1.0526
0.5440 -0.8960 -0.0960 1.0526
0.5440 -0.8960 -0.0960 1.0526
0.5440 -0.8960 -0.0960 1.0526
0.5440 -0.8960 -0.0960 1.0526
0.5280 -0.8800 -0.0960 1.0307
0.5280 -0.8800 -0.0960 1.0307
0.5280 -0.8800 -0.0960 1.0307
0.5280 -0.8800 -0.0960 1.0307
0.5280 -0.8480 -0.0960 1.0035
0.5280 -0.8480 -0.0960 1.0035
0.5280 -0.8480 -0.0960 1.0035
0.5280 -0.8480 -0.0960 1.0035
0.5280 -0.8480 -0.1120 1.0052
0.5280 -0.8640 -0.1120 1.0187
0.5280 -0.8640 -0.1120 1.0187
0.5280 -0.8640 -0.1120 1.0187
0.5280 -0.8640 -0.1120 1.0187
0.5280 -0.8640 -0.1120 1.0187
0.5440 -0.8800 -0.1120 1.0406
0.5440 -0.8800 -0.1120 1.0406
0.5440 -0.8800 -0.1120 1.0406
0.5440 -0.8800 -0.1280 1.0425
0.5280 -0.8960 -0.1280 1.0478
0.5280 -0.8960 -0.1280 1.0478
0.5280 -0.8480 -0.1920 1.0172
0.5280 -0.8480 -0.1920 1.0172
0.5280 -0.8480 -0.1920 1.0172
0.5120 -0.8800 -0.1280 1.0261
0.5120 -0.8800 -0.1280 1.0261
0.5120 -0.8800 -0.1280 1.0261
0.5120 -0.8800 -0.1280 1.0261
0.5120 -0.8800 -0.1120 1.0243
0.5280 -0.8800 -0.1120 1.0323
0.5280 -0.8800 -0.1120 1.0323
0.5280 -0.8800 -0.1120 1.0323
0.5280 -0.8800 -0.0960 1.0307
0.5120 -0.8480 -0.1600 1.0034
0.5120 -0.8480 -0.1600 1.0034
0.5120 -0.8480 -0.1600 1.0034
0.5120 -0.8480 -0.1600 1.0034
0.5120 -0.8480 -0.1600 1.0034
0.5280 -0.8480 -0.1600 1.0117
0.5280 -0.8480 -0.1600 1.0117
0.5280 -0.8480 -0.1600 1.0117
0.5280 -0.8480 -0.1600 1.0117
0.5280 -0.8480 -0.1600 1.0117
0.5120 -0.8640 -0.0960 1.0089
0.5120 -0.8640 -0.0960 1.0089
0.5120 -0.8640 -0.0960 1.0089
0.5120 -0.8640 -0.1120 1.0105
0.5120 -0.8640 -0.1120 1.0105
0.5120 -0.8640 -0.1120 1.0105
0.5120 -0.8640 -0.1120 1.0105
0.5120 -0.8640 -0.1120 1.0105
0.5120 -0.8640 -0.1120 1.0105
0.5280 -0.8640 -0.1120 1.0187
0.5280 -0.8960 -0.0480 1.0411
0.5280 -0.8960 -0.0480 1.0411
0.5280 -0.8960 -0.0480 1.0411
0.5280 -0.8960 -0.0480 1.0411
0.5280 -0.8800 -0.1120 1.0323
0.5280 -0.8800 -0.1120 1.0323
0.5280 -0.8800 -0.1120 1.0323
0.5280 -0.8800 -0.1120 1.0323
0.5280 -0.8800 -0.1120 1.0323
0.5120 -0.8480 -0.1120 0.9969
0.5120 -0.8480 -0.1120 0.9969
0.5120 -0.8480 -0.1120 0.9969
0.5120 -0.8480 -0.1280 0.9988
0.5120 -0.8480 -0.1280 0.9988
0.5120 -0.8480 -0.1280 0.9988
0.5120 -0.8480 -0.1280 0.9988
0.5120 -0.8480 -0.1280 0.9988
0.5120 -0.8480 -0.1120 0.9969
0.5120 -0.8640 -0.1120 1.0105
0.5120 -0.8640 -0.1120 1.0105
0.5120 -0.8640 -0.1120 1.0105
0.5120 -0.8640 -0.1120 1.0105
0.5280 -0.8800 -0.1120 1.0323
0.5280 -0.8800 -0.1120 1.0323
0.5280 -0.8800 -0.1120 1.0323
0.5280 -0.8800 -0.1120 1.0323
0.5280 -0.8800 -0.1120 1.0323
0.5280 -0.8960 -0.1120 1.0460
0.5280 -0.8960 -0.1120 1.0460
0.5280 -0.8960 -0.1120 1.0460
0.5280 -0.8960 -0.1120 1.0460
0.5280 -0.8960 -0.0960 1.0444
0.5440 -0.8800 -0.0800 1.0377
0.4640 -0.8800 -0.0800 0.9980
0.4640 -0.8800 -0.0800 0.9980
0.4640 -0.8800 -0.0800 0.9980
0.4640 -0.8800 -0.1120 1.0011
0.5280 -0.8640 -0.1120 1.0187
0.5280 -0.8640 -0.1120 1.0187
0.5280 -0.8640 -0.1120 1.0187
0.5280 -0.8640 -0.1120 1.0187
0.5280 -0.8640 -0.1280 1.0206
0.5280 -0.8640 -0.1280 1.0206
0.5280 -0.8640 -0.1280 1.0206
0.5280 -0.8640 -0.1280 1.0206
0.5280 -0.8640 -0.1120 1.0187
0.5120 -0.8640 -0.1120 1.0105
0.5120 -0.8640 -0.1120 1.0105
0.5120 -0.8640 -0.1120 1.0105
0.5120 -0.8640 -0.1120 1.0105
0.5120 -0.8640 -0.1120 1.0105
0.5120 -0.8960 -0.1120 1.0380
0.5120 -0.8960 -0.1120 1.0380
0.5120 -0.8960 -0.1120 1.0380
0.5120 -0.8960 -0.0960 1.0364
0.5600 -0.9600 -0.0960 1.1155
0.5600 -0.9600 -0.0960 1.1155
0.5600 -0.9600 -0.0960 1.1155
0.5600 -0.9600 -0.0960 1.1155
0.5600 -0.9600 -0.1120 1.1170
0.5600 -0.9440 -0.1120 1.1033
0.5600 -0.9440 -0.1120 1.1033
0.5600 -0.9440 -0.1120 1.1033
0.5600 -0.9440 -0.1280 1.1050
0.5120 -0.8640 -0.1120 1.0105
0.5120 -0.8960 -0.1120 1.0380
0.5120 -0.8960 -0.1120 1.0380
0.5120 -0.8960 -0.1120 1.0380
0.5120 -0.8960 -0.1120 1.0380
0.5120 -0.8960 -0.0800 1.0351
0.5280 -0.8640 -0.0800 1.0157
0.5280 -0.8640 -0.0800 1.0157
0.5280 -0.8640 -0.0800 1.0157
0.5280 -0.8640 -0.0960 1.0171
0.5120 -0.8480 -0.0960 0.9952
0.5120 -0.8480 -0.0960 0.9952
0.5120 -0.8480 -0.0960 0.9952
0.5120 -0.8480 -0.0960 0.9952
0.5120 -0.8480 -0.1120 0.9969
0.5280 -0.8640 -0.1120 1.0187
0.5280 -0.8640 -0.1120 1.0187
0.5280 -0.8640 -0.1120 1.0187
0.5280 -0.8640 -0.1120 1.0187
0.5280 -0.8640 -0.1120 1.0187
0.5280 -0.8800 -0.1120 1.0323
0.5280 -0.8800 -0.1120 1.0323
0.5280 -0.8800 -0.1120 1.0323
0.5280 -0.8800 -0.1120 1.0323
0.5280 -0.8640 -0.1760 1.0277
0.5280 -0.8640 -0.1760 1.0277
0.5280 -0.8640 -0.1760 1.0277
0.5280 -0.8640 -0.1760 1.0277
0.5280 -0.8640 -0.1600 1.0251
0.5280 -0.8480 -0.1600 1.0117
0.5280 -0.8480 -0.1600 1.0117
0.5280 -0.8480 -0.1600 1.0117
0.5280 -0.8960 -0.1120 1.0460
0.5440 -0.8480 -0.1760 1.0227
0.5440 -0.8480 -0.1760 1.0227
0.5440 -0.8480 -0.1760 1.0227
0.5440 -0.8480 -0.1760 1.0227
0.5440 -0.8480 -0.1920 1.0256
0.5280 -0.8640 -0.1920 1.0306
0.5280 -0.8640 -0.1920 1.0306
0.5280 -0.8640 -0.1920 1.0306
0.5280 -0.8640 -0.1920 1.0306
0.5280 -0.8640 -0.1760 1.0277
0.5280 -0.8480 -0.1760 1.0143
0.5280 -0.8480 -0.1760 1.0143
0.5280 -0.8480 -0.1760 1.0143
0.5280 -0.8480 -0.1760 1.0143
0.5440 -0.8640 -0.1760 1.0361
0.5440 -0.8640 -0.1760 1.0361
0.5440 -0.8640 -0.1760 1.0361
0.5440 -0.8640 -0.1760 1.0361
0.5440 -0.8640 -0.1920 1.0389
0.5280 -0.8480 -0.1920 1.0172
0.5280 -0.8480 -0.1920 1.0172
0.5280 -0.8480 -0.1920 1.0172
0.5280 -0.8480 -0.1920 1.0172
0.5280 -0.8480 -0.1760 1.0143
0.5440 -0.8800 -0.1120 1.0406
0.5440 -0.8800 -0.1120 1.0406
0.5440 -0.8800 -0.1120 1.0406
0.5440 -0.8800 -0.0960 1.0390
0.5280 -0.8800 -0.0960 1.0307
0.5280 -0.8800 -0.0960 1.0307
0.5280 -0.8800 -0.1120 1.0323
0.5280 -0.8800 -0.1120 1.0323
0.5280 -0.8800 -0.0800 1.0294
0.5120 -0.8480 -0.0800 0.9938
0.5120 -0.8480 -0.0800 0.9938
0.5120 -0.8480 -0.0800 0.9938
0.5120 -0.8480 -0.0800 0.9938
0.5120 -0.8480 -0.0960 0.9952
0.5120 -0.8480 -0.0960 0.9952
0.5120 -0.8480 -0.0960 0.9952
0.5120 -0.8480 -0.0960 0.9952
0.5120 -0.8480 -0.0960 0.9952
0.5120 -0.8480 -0.1120 0.9969
0.5280 -0.8640 -0.1120 1.0187
0.5280 -0.8640 -0.1120 1.0187
0.5280 -0.8640 -0.1120 1.0187
0.5280 -0.8640 -0.1120 1.0187
0.5280 -0.8480 -0.1120 1.0052
0.5280 -0.8480 -0.1120 1.0052
0.5280 -0.8480 -0.1120 1.0052
0.5280 -0.8480 -0.1120 1.0052
0.5280 -0.8480 -0.1120 1.0052
0.5280 -0.8960 -0.1120 1.0460
0.5280 -0.8960 -0.1120 1.0460
0.5280 -0.8960 -0.1120 1.0460
0.5280 -0.8960 -0.0960 1.0444
0.5120 -0.8960 -0.0960 1.0364
0.5120 -0.8960 -0.0960 1.0364
0.5120 -0.8960 -0.0960 1.0364
0.5120 -0.8960 -0.0960 1.0364
0.5120 -0.8960 -0.1120 1.0380
0.5120 -0.8640 -0.1760 1.0196
0.5120 -0.8640 -0.1600 1.0170
0.5280 -0.8960 -0.0960 1.0444
0.5280 -0.8960 -0.0960 1.0444
0.5280 -0.8960 -0.0960 1.0444
0.5280 -0.8800 -0.0960 1.0307
0.5280 -0.8800 -0.0960 1.0307
0.5280 -0.8800 -0.0960 1.0307
0.5280 -0.8800 -0.0960 1.0307
0.5280 -0.8800 -0.1280 1.0342
0.5120 -0.8800 -0.1280 1.0261
0.5120 -0.8800 -0.1280 1.0261
0.5120 -0.8800 -0.1280 1.0261
0.5120 -0.8800 -0.1280 1.0261
0.5120 -0.8800 -0.1120 1.0243
0.5280 -0.8480 -0.1120 1.0052
0.5280 -0.8480 -0.1120 1.0052
0.5280 -0.8480 -0.1120 1.0052
0.5280 -0.8480 -0.1120 1.0052
0.5280 -0.8960 -0.1120 1.0460
0.5280 -0.8960 -0.1120 1.0460
0.5280 -0.8960 -0.1120 1.0460
0.5280 -0.8960 -0.1120 1.0460
0.5280 -0.8960 -0.1120 1.0460
0.5280 -0.8800 -0.1120 1.0323
0.5280 -0.8800 -0.1120 1.0323
0.5280 -0.8800 -0.1120 1.0323
0.5280 -0.8800 -0.0960 1.0307
0.5440 -0.8960 -0.0960 1.0526
0.5440 -0.8960 -0.0960 1.0526
0.5440 -0.8960 -0.0960 1.0526
0.5440 -0.8960 -0.0960 1.0526
0.5440 -0.8960 -0.1120 1.0542
0.5120 -0.8640 -0.1280 1.0124
0.5600 -0.9440 -0.1280 1.1050
0.5600 -0.9440 -0.1280 1.1050
0.5600 -0.9440 -0.1280 1.1050
0.5600 -0.9440 -0.1280 1.1050
0.5120 -0.8960 -0.1280 1.0399
0.5120 -0.8960 -0.1280 1.0399
0.5120 -0.8960 -0.1280 1.0399
0.5120 -0.8960 -0.1280 1.0399
0.5120 -0.8960 -0.1120 1.0380
0.5280 -0.8960 -0.1120 1.0460
0.5280 -0.8960 -0.1120 1.0460
0.5280 -0.8960 -0.1120 1.0460
0.5280 -0.8960 -0.1120 1.0460
0.5280 -0.8960 -0.1120 1.0460
0.5280 -0.8960 -0.1120 1.0460
0.5280 -0.8960 -0.1120 1.0460
0.5280 -0.8960 -0.1120 1.0460
0.5280 -0.8960 -0.1120 1.0460
0.5120 -0.8640 -0.1760 1.0196
0.5120 -0.8640 -0.1760 1.0196
0.5120 -0.8640 -0.1760 1.0196
0.5120 -0.8640 -0.1760 1.0196
0.5120 -0.8640 -0.1760 1.0196
0.5120 -0.8800 -0.1120 1.0243
0.5120 -0.8800 -0.1120 1.0243
0.5120 -0.8800 -0.1120 1.0243
0.5120 -0.8800 -0.1120 1.0243
0.5280 -0.8960 -0.1120 1.0460
0.5280 -0.8960 -0.1120 1.0460
0.5280 -0.8960 -0.1120 1.0460
0.5280 -0.8960 -0.1120 1.0460
0.5280 -0.8960 -0.1120 1.0460
0.5280 -0.8640 -0.0960 1.0171
0.5440 -0.8800 -0.0960 1.0390
0.5440 -0.8800 -0.0960 1.0390
0.5440 -0.8800 -0.0960 1.0390
0.5440 -0.8800 -0.0960 1.0390
0.5280 -0.8960 -0.0960 1.0444
0.5280 -0.8960 -0.0960 1.0444
0.5280 -0.8960 -0.0960 1.0444
0.5280 -0.8960 -0.0960 1.0444
0.5280 -0.8960 -0.0960 1.0444
0.5280 -0.8800 -0.0960 1.0307
0.5280 -0.8800 -0.0960 1.0307
0.5280 -0.8800 -0.0960 1.0307
0.5280 -0.8800 -0.0960 1.0307
0.5120 -0.8960 -0.0960 1.0364
0.5120 -0.8960 -0.0960 1.0364
0.5120 -0.8960 -0.0960 1.0364
0.5120 -0.8960 -0.0960 1.0364
0.5120 -0.8960 -0.1280 1.0399
0.5280 -0.8480 -0.1280 1.0071
0.5280 -0.8480 -0.1280 1.0071
0.5280 -0.8480 -0.1280 1.0071
0.5280 -0.8480 -0.1280 1.0071
0.5280 -0.8480 -0.1280 1.0071
0.5120 -0.8640 -0.1280 1.0124
0.5120 -0.8640 -0.1280 1.0124
0.5120 -0.8640 -0.1280 1.0124
0.5120 -0.8640 -0.1120 1.0105
0.5280 -0.8800 -0.1120 1.0323
0.5280 -0.8800 -0.1120 1.0323
0.5280 -0.8800 -0.1120 1.0323
0.5280 -0.8800 -0.1280 1.0342
0.5280 -0.8640 -0.1280 1.0206
0.5280 -0.8800 -0.1280 1.0342
0.5280 -0.8800 -0.1280 1.0342
0.5280 -0.8800 -0.1280 1.0342
0.5280 -0.8800 -0.1280 1.0342
0.5280 -0.8800 -0.1280 1.0342
0.5280 -0.8640 -0.1280 1.0206
0.5280 -0.8640 -0.1280 1.0206
0.5280 -0.8640 -0.1280 1.0206
0.5280 -0.8640 -0.1120 1.0187
0.5280 -0.8960 -0.1120 1.0460
0.5280 -0.8960 -0.1120 1.0460
0.5280 -0.8960 -0.1120 1.0460
0.5280 -0.8960 -0.1120 1.0460
0.5280 -0.8960 -0.0800 1.0431
0.5280 -0.8640 -0.0800 1.0157
0.5280 -0.8640 -0.0800 1.0157
0.5280 -0.8640 -0.0800 1.0157
0.5280 -0.8640 -0.0800 1.0157
0.5280 -0.8640 -0.1120 1.0187
0.5120 -0.8640 -0.1120 1.0105
0.5120 -0.8640 -0.1120 1.0105
0.5120 -0.8640 -0.1120 1.0105
0.5120 -0.8640 -0.1120 1.0105
0.5280 -0.8480 -0.1120 1.0052
0.5280 -0.8480 -0.1120 1.0052
0.5280 -0.8480 -0.1120 1.0052
0.5280 -0.8480 -0.1120 1.0052
0.5280 -0.8480 -0.1280 1.0071
0.5120 -0.8640 -0.1280 1.0124
0.5120 -0.8640 -0.1280 1.0124
